PdfType: central
Format: lhagrid1
---
1.00000E-06 1.28121E-06 1.64152E-06 2.10317E-06 2.69463E-06 3.45242E-06 4.42329E-06 5.66715E-06 7.26076E-06 9.30241E-06 1.19180E-05 1.52689E-05 1.95617E-05 2.50609E-05 3.21053E-05 4.11287E-05 5.26863E-05 6.74889E-05 8.64459E-05 1.10720E-04 1.41800E-04 1.81585E-04 2.32503E-04 2.97652E-04 3.80981E-04 4.87518E-04 6.26039E-04 8.00452E-04 1.02297E-03 1.30657E-03 1.66759E-03 2.12729E-03 2.71054E-03 3.44865E-03 4.37927E-03 5.54908E-03 7.01192E-03 8.83064E-03 1.10763E-02 1.38266E-02 1.71641E-02 2.11717E-02 2.59364E-02 3.15062E-02 3.79623E-02 4.53425E-02 5.36750E-02 6.29705E-02 7.32221E-02 8.44039E-02 9.64793E-02 1.09332E-01 1.23067E-01 1.37507E-01 1.52639E-01 1.68416E-01 1.84794E-01 2.01731E-01 2.19016E-01 2.36948E-01 2.55242E-01 2.73927E-01 2.92954E-01 3.12340E-01 3.32036E-01 3.52019E-01 3.72282E-01 3.92772E-01 4.13533E-01 4.34326E-01 4.55495E-01 4.76836E-01 4.98342E-01 5.20006E-01 5.41818E-01 5.63773E-01 5.85861E-01 6.08077E-01 6.30459E-01 6.52800E-01 6.75387E-01 6.98063E-01 7.20830E-01 7.43683E-01 7.66623E-01 7.89636E-01 8.12791E-01 8.35940E-01 8.59175E-01 8.82485E-01 9.05866E-01 9.29311E-01 9.52817E-01 9.76387E-01 1.00000E+00 
1.14018E+00 1.22539E+00 1.32482E+00 1.44156E+00 1.57954E+00 1.74381E+00 1.94091E+00 2.12132E+00 2.17945E+00 2.49622E+00 2.89383E+00 3.39925E+00 4.05063E+00 4.90286E+00 6.03623E+00 7.57063E+00 9.68869E+00 1.26749E+01 1.69835E+01 2.33578E+01 3.30501E+01 4.82334E+01 7.28041E+01 1.13998E+02 1.85779E+02 3.16228E+02 
1 2
-6.253470e-05 1.960923e-07
-6.122139e-05 1.953711e-07
-5.985752e-05 1.946222e-07
-5.844325e-05 1.938457e-07
-5.697903e-05 1.930418e-07
-5.546547e-05 1.922103e-07
-5.390320e-05 1.913526e-07
-5.266152e-05 1.906710e-07
-5.229310e-05 1.904686e-07
-5.050452e-05 1.894866e-07
-4.866278e-05 1.884751e-07
-4.676935e-05 1.874359e-07
-4.482592e-05 1.863686e-07
-4.283411e-05 1.852749e-07
-4.079577e-05 1.841556e-07
-3.871270e-05 1.830119e-07
-3.658681e-05 1.818444e-07
-3.442006e-05 1.806548e-07
-3.221431e-05 1.794435e-07
-2.997158e-05 1.782121e-07
-2.769372e-05 1.769614e-07
-2.538265e-05 1.756924e-07
-2.304022e-05 1.744062e-07
-2.066824e-05 1.731038e-07
-1.826845e-05 1.717859e-07
-1.584255e-05 1.704542e-07
-7.122321e-05 2.384903e-07
-6.972721e-05 2.376137e-07
-6.817356e-05 2.367033e-07
-6.656254e-05 2.357595e-07
-6.489458e-05 2.347822e-07
-6.317042e-05 2.337717e-07
-6.139079e-05 2.327291e-07
-5.997635e-05 2.319003e-07
-5.955666e-05 2.316543e-07
-5.751923e-05 2.304609e-07
-5.542124e-05 2.292314e-07
-5.326438e-05 2.279677e-07
-5.105055e-05 2.266703e-07
-4.878161e-05 2.253411e-07
-4.645965e-05 2.239804e-07
-4.408675e-05 2.225900e-07
-4.166510e-05 2.211713e-07
-3.919684e-05 2.197251e-07
-3.668422e-05 2.182525e-07
-3.412943e-05 2.167558e-07
-3.153464e-05 2.152356e-07
-2.890204e-05 2.136929e-07
-2.623369e-05 2.121295e-07
-2.353168e-05 2.105464e-07
-2.079800e-05 2.089446e-07
-1.803458e-05 2.073253e-07
-8.113558e-05 2.902621e-07
-7.943104e-05 2.891957e-07
-7.766088e-05 2.880885e-07
-7.582530e-05 2.869402e-07
-7.392490e-05 2.857515e-07
-7.196043e-05 2.845227e-07
-6.993277e-05 2.832543e-07
-6.832119e-05 2.822461e-07
-6.784303e-05 2.819472e-07
-6.552161e-05 2.804951e-07
-6.313123e-05 2.789995e-07
-6.067376e-05 2.774623e-07
-5.815140e-05 2.758848e-07
-5.556624e-05 2.742674e-07
-5.292065e-05 2.726128e-07
-5.021706e-05 2.709214e-07
-4.745787e-05 2.691955e-07
-4.464564e-05 2.674363e-07
-4.178281e-05 2.656455e-07
-3.887195e-05 2.638246e-07
-3.591554e-05 2.619754e-07
-3.291601e-05 2.600990e-07
-2.987577e-05 2.581973e-07
-2.679718e-05 2.562715e-07
-2.368250e-05 2.543231e-07
-2.053394e-05 2.523536e-07
-9.244709e-05 3.535574e-07
-9.050459e-05 3.522596e-07
-8.848726e-05 3.509118e-07
-8.639542e-05 3.495138e-07
-8.422965e-05 3.480669e-07
-8.199093e-05 3.465710e-07
-7.968019e-05 3.450271e-07
-7.784360e-05 3.438000e-07
-7.729867e-05 3.434358e-07
-7.465316e-05 3.416681e-07
-7.192902e-05 3.398479e-07
-6.912845e-05 3.379765e-07
-6.625392e-05 3.360560e-07
-6.330782e-05 3.340874e-07
-6.029288e-05 3.320730e-07
-5.721180e-05 3.300142e-07
-5.406740e-05 3.279133e-07
-5.086252e-05 3.257720e-07
-4.760000e-05 3.235916e-07
-4.428272e-05 3.213754e-07
-4.091354e-05 3.191242e-07
-3.749523e-05 3.168401e-07
-3.403053e-05 3.145250e-07
-3.052212e-05 3.121810e-07
-2.697259e-05 3.098091e-07
-2.338443e-05 3.074119e-07
-1.053585e-04 4.310499e-07
-1.031443e-04 4.294687e-07
-1.008448e-04 4.278265e-07
-9.846038e-05 4.261236e-07
-9.599172e-05 4.243603e-07
-9.343986e-05 4.225380e-07
-9.080590e-05 4.206569e-07
-8.871243e-05 4.191620e-07
-8.809128e-05 4.187181e-07
-8.507572e-05 4.165644e-07
-8.197061e-05 4.143471e-07
-7.877830e-05 4.120673e-07
-7.550173e-05 4.097269e-07
-7.214356e-05 4.073290e-07
-6.870692e-05 4.048744e-07
-6.519488e-05 4.023666e-07
-6.161069e-05 3.998066e-07
-5.795754e-05 3.971978e-07
-5.423871e-05 3.945417e-07
-5.045746e-05 3.918413e-07
-4.661703e-05 3.890987e-07
-4.272062e-05 3.863160e-07
-3.877130e-05 3.834952e-07
-3.477218e-05 3.806392e-07
-3.072617e-05 3.777501e-07
-2.663616e-05 3.748289e-07
-1.201012e-04 5.260854e-07
-1.175767e-04 5.241576e-07
-1.149550e-04 5.221542e-07
-1.122364e-04 5.200772e-07
-1.094218e-04 5.179274e-07
-1.065123e-04 5.157053e-07
-1.035092e-04 5.134110e-07
-1.011224e-04 5.115887e-07
-1.004142e-04 5.110478e-07
-9.697606e-05 5.084209e-07
-9.343574e-05 5.057159e-07
-8.979611e-05 5.029358e-07
-8.606034e-05 5.000820e-07
-8.223156e-05 4.971571e-07
-7.831333e-05 4.941643e-07
-7.430914e-05 4.911053e-07
-7.022265e-05 4.879839e-07
-6.605756e-05 4.848022e-07
-6.181757e-05 4.815632e-07
-5.750643e-05 4.782699e-07
-5.312781e-05 4.749253e-07
-4.868535e-05 4.715317e-07
-4.418258e-05 4.680919e-07
-3.962303e-05 4.646091e-07
-3.501003e-05 4.610851e-07
-3.034685e-05 4.575231e-07
-1.369404e-04 6.428611e-07
-1.340614e-04 6.405072e-07
-1.310715e-04 6.380613e-07
-1.279712e-04 6.355258e-07
-1.247613e-04 6.329013e-07
-1.214433e-04 6.301884e-07
-1.180185e-04 6.273876e-07
-1.152965e-04 6.251616e-07
-1.144889e-04 6.245022e-07
-1.105680e-04 6.212946e-07
-1.065305e-04 6.179927e-07
-1.023798e-04 6.145979e-07
-9.811943e-05 6.111139e-07
-9.375304e-05 6.075427e-07
-8.928454e-05 6.038898e-07
-8.471809e-05 6.001556e-07
-8.005778e-05 5.963436e-07
-7.530782e-05 5.924601e-07
-7.047243e-05 5.885053e-07
-6.555591e-05 5.844853e-07
-6.056244e-05 5.804019e-07
-5.549617e-05 5.762568e-07
-5.036112e-05 5.720588e-07
-4.516131e-05 5.678052e-07
-3.990055e-05 5.635044e-07
-3.458255e-05 5.591556e-07
-1.561812e-04 7.866802e-07
-1.528970e-04 7.838002e-07
-1.494864e-04 7.808118e-07
-1.459497e-04 7.777128e-07
-1.422882e-04 7.745042e-07
-1.385032e-04 7.711866e-07
-1.345965e-04 7.677628e-07
-1.314914e-04 7.650409e-07
-1.305702e-04 7.642342e-07
-1.260975e-04 7.603150e-07
-1.214919e-04 7.562774e-07
-1.167571e-04 7.521282e-07
-1.118972e-04 7.478689e-07
-1.069163e-04 7.435040e-07
-1.018191e-04 7.390380e-07
-9.660996e-05 7.344710e-07
-9.129381e-05 7.298140e-07
-8.587546e-05 7.250647e-07
-8.035962e-05 7.202306e-07
-7.475123e-05 7.153156e-07
-6.905507e-05 7.103220e-07
-6.327587e-05 7.052574e-07
-5.741822e-05 7.001252e-07
-5.148668e-05 6.949260e-07
-4.548562e-05 6.896665e-07
-3.941926e-05 6.843503e-07
-1.781746e-04 9.642716e-07
-1.744272e-04 9.607466e-07
-1.705355e-04 9.570884e-07
-1.665001e-04 9.532944e-07
-1.623221e-04 9.493655e-07
-1.580033e-04 9.453038e-07
-1.535456e-04 9.411128e-07
-1.500025e-04 9.377812e-07
-1.489513e-04 9.367926e-07
-1.438478e-04 9.319940e-07
-1.385927e-04 9.270508e-07
-1.331900e-04 9.219709e-07
-1.276447e-04 9.167561e-07
-1.219613e-04 9.114115e-07
-1.161451e-04 9.059435e-07
-1.102013e-04 9.003539e-07
-1.041354e-04 8.946506e-07
-9.795276e-05 8.888350e-07
-9.165896e-05 8.829179e-07
-8.525956e-05 8.769012e-07
-7.876000e-05 8.707880e-07
-7.216570e-05 8.645882e-07
-6.548185e-05 8.583033e-07
-5.871372e-05 8.519380e-07
-5.186625e-05 8.454993e-07
-4.494430e-05 8.389900e-07
-2.033243e-04 1.184241e-06
-1.990472e-04 1.179920e-06
-1.946053e-04 1.175434e-06
-1.899993e-04 1.170779e-06
-1.852306e-04 1.165960e-06
-1.803012e-04 1.160982e-06
-1.752132e-04 1.155840e-06
-1.711693e-04 1.151753e-06
-1.699694e-04 1.150541e-06
-1.641444e-04 1.144657e-06
-1.581462e-04 1.138594e-06
-1.519798e-04 1.132364e-06
-1.456504e-04 1.125969e-06
-1.391635e-04 1.119416e-06
-1.325250e-04 1.112707e-06
-1.257409e-04 1.105855e-06
-1.188173e-04 1.098859e-06
-1.117607e-04 1.091727e-06
-1.045771e-04 1.084470e-06
-9.727295e-05 1.077090e-06
-8.985446e-05 1.069594e-06
-8.232788e-05 1.061989e-06
-7.469907e-05 1.054282e-06
-6.697407e-05 1.046477e-06
-5.915852e-05 1.038578e-06
-5.125797e-05 1.030597e-06
-2.320955e-04 1.457679e-06
-2.272121e-04 1.452368e-06
-2.221406e-04 1.446853e-06
-2.168818e-04 1.441132e-06
-2.114372e-04 1.435214e-06
-2.058091e-04 1.429093e-06
-2.000000e-04 1.422773e-06
-1.953828e-04 1.417753e-06
-1.940129e-04 1.416265e-06
-1.873622e-04 1.409030e-06
-1.805139e-04 1.401584e-06
-1.734734e-04 1.393927e-06
-1.662470e-04 1.386069e-06
-1.588407e-04 1.378013e-06
-1.512612e-04 1.369770e-06
-1.435155e-04 1.361346e-06
-1.356107e-04 1.352749e-06
-1.275538e-04 1.343990e-06
-1.193520e-04 1.335068e-06
-1.110126e-04 1.326002e-06
-1.025427e-04 1.316789e-06
-9.394930e-05 1.307443e-06
-8.523926e-05 1.297970e-06
-7.641936e-05 1.288380e-06
-6.749606e-05 1.278674e-06
-5.847575e-05 1.268867e-06
-2.650254e-04 1.798989e-06
-2.594479e-04 1.792447e-06
-2.536556e-04 1.785654e-06
-2.476495e-04 1.778608e-06
-2.414310e-04 1.771315e-06
-2.350030e-04 1.763776e-06
-2.283684e-04 1.755996e-06
-2.230950e-04 1.749809e-06
-2.215304e-04 1.747973e-06
-2.139345e-04 1.739064e-06
-2.061129e-04 1.729893e-06
-1.980718e-04 1.720461e-06
-1.898184e-04 1.710780e-06
-1.813594e-04 1.700858e-06
-1.727029e-04 1.690706e-06
-1.638563e-04 1.680330e-06
-1.548281e-04 1.669741e-06
-1.456262e-04 1.658950e-06
-1.362588e-04 1.647963e-06
-1.267342e-04 1.636792e-06
-1.170606e-04 1.625448e-06
-1.072459e-04 1.613935e-06
-9.729797e-05 1.602265e-06
-8.722460e-05 1.590453e-06
-7.703314e-05 1.578498e-06
-6.673089e-05 1.566417e-06
-3.027330e-04 2.227044e-06
-2.963606e-04 2.218966e-06
-2.897428e-04 2.210576e-06
-2.828807e-04 2.201874e-06
-2.757759e-04 2.192865e-06
-2.684319e-04 2.183553e-06
-2.608515e-04 2.173943e-06
-2.548265e-04 2.166304e-06
-2.530389e-04 2.164039e-06
-2.443604e-04 2.153034e-06
-2.354240e-04 2.141704e-06
-2.262368e-04 2.130053e-06
-2.168070e-04 2.118099e-06
-2.071426e-04 2.105842e-06
-1.972521e-04 2.093304e-06
-1.871448e-04 2.080489e-06
-1.768297e-04 2.067409e-06
-1.663164e-04 2.054079e-06
-1.556138e-04 2.040509e-06
-1.447318e-04 2.026711e-06
-1.336795e-04 2.012698e-06
-1.224660e-04 1.998482e-06
-1.111003e-04 1.984068e-06
-9.959124e-05 1.969477e-06
-8.794733e-05 1.954713e-06
-7.617670e-05 1.939790e-06
-3.459331e-04 2.766806e-06
-3.386498e-04 2.756794e-06
-3.310861e-04 2.746398e-06
-3.232427e-04 2.735617e-06
-3.151224e-04 2.724457e-06
-3.067284e-04 2.712919e-06
-2.980644e-04 2.701012e-06
-2.911782e-04 2.691547e-06
-2.891351e-04 2.688738e-06
-2.792159e-04 2.675105e-06
-2.690020e-04 2.661066e-06
-2.585014e-04 2.646632e-06
-2.477236e-04 2.631816e-06
-2.366775e-04 2.616636e-06
-2.253733e-04 2.601098e-06
-2.138211e-04 2.585216e-06
-2.020315e-04 2.569013e-06
-1.900152e-04 2.552497e-06
-1.777828e-04 2.535685e-06
-1.653452e-04 2.518591e-06
-1.527129e-04 2.501223e-06
-1.398964e-04 2.483608e-06
-1.269060e-04 2.465755e-06
-1.137518e-04 2.447673e-06
-1.004434e-04 2.429382e-06
-8.699026e-05 2.410888e-06
-3.954531e-04 3.451623e-06
-3.871253e-04 3.439174e-06
-3.784766e-04 3.426244e-06
-3.695086e-04 3.412836e-06
-3.602237e-04 3.398959e-06
-3.506258e-04 3.384607e-06
-3.407193e-04 3.369800e-06
-3.328456e-04 3.358032e-06
-3.305093e-04 3.354539e-06
-3.191677e-04 3.337584e-06
-3.074889e-04 3.320126e-06
-2.954826e-04 3.302177e-06
-2.831592e-04 3.283753e-06
-2.705289e-04 3.264872e-06
-2.576037e-04 3.245551e-06
-2.443947e-04 3.225808e-06
-2.309143e-04 3.205655e-06
-2.171749e-04 3.185113e-06
-2.031883e-04 3.164204e-06
-1.889670e-04 3.142948e-06
-1.745232e-04 3.121355e-06
-1.598688e-04 3.099448e-06
-1.450155e-04 3.077244e-06
-1.299749e-04 3.054759e-06
-1.147581e-04 3.032008e-06
-9.937573e-05 3.009016e-06
-4.522502e-04 4.326496e-06
-4.427238e-04 4.310952e-06
-4.328307e-04 4.294803e-06
-4.225723e-04 4.278062e-06
-4.119512e-04 4.260726e-06
-4.009723e-04 4.242809e-06
-3.896403e-04 4.224314e-06
-3.806335e-04 4.209617e-06
-3.779611e-04 4.205256e-06
-3.649874e-04 4.184080e-06
-3.516282e-04 4.162278e-06
-3.378941e-04 4.139864e-06
-3.237974e-04 4.116859e-06
-3.093498e-04 4.093275e-06
-2.945646e-04 4.069145e-06
-2.794551e-04 4.044487e-06
-2.640351e-04 4.019322e-06
-2.483186e-04 3.993672e-06
-2.323194e-04 3.967562e-06
-2.160518e-04 3.941008e-06
-1.995297e-04 3.914046e-06
-1.827667e-04 3.886688e-06
-1.657763e-04 3.858957e-06
-1.485716e-04 3.830880e-06
-1.311652e-04 3.802473e-06
-1.135696e-04 3.773753e-06
-5.174331e-04 5.452764e-06
-5.065309e-04 5.433255e-06
-4.952091e-04 5.412994e-06
-4.834690e-04 5.391982e-06
-4.713142e-04 5.370230e-06
-4.587499e-04 5.347744e-06
-4.457813e-04 5.324534e-06
-4.354739e-04 5.306089e-06
-4.324156e-04 5.300614e-06
-4.175683e-04 5.274042e-06
-4.022799e-04 5.246683e-06
-3.865626e-04 5.218558e-06
-3.704301e-04 5.189683e-06
-3.538961e-04 5.160096e-06
-3.369759e-04 5.129815e-06
-3.196845e-04 5.098868e-06
-3.020378e-04 5.067287e-06
-2.840516e-04 5.035099e-06
-2.657422e-04 5.002331e-06
-2.471255e-04 4.969017e-06
-2.282176e-04 4.935178e-06
-2.090342e-04 4.900846e-06
-1.895902e-04 4.866051e-06
-1.699012e-04 4.830812e-06
-1.499815e-04 4.795162e-06
-1.298452e-04 4.759127e-06
-5.922885e-04 6.914903e-06
-5.798062e-04 6.890284e-06
-5.668427e-04 6.864713e-06
-5.534009e-04 6.838200e-06
-5.394842e-04 6.810753e-06
-5.250984e-04 6.782378e-06
-5.102498e-04 6.753090e-06
-4.984483e-04 6.729813e-06
-4.949466e-04 6.722909e-06
-4.779472e-04 6.689377e-06
-4.604426e-04 6.654852e-06
-4.424469e-04 6.619356e-06
-4.239760e-04 6.582925e-06
-4.050453e-04 6.545585e-06
-3.856724e-04 6.507375e-06
-3.658746e-04 6.468328e-06
-3.456700e-04 6.428478e-06
-3.250767e-04 6.387859e-06
-3.041135e-04 6.346511e-06
-2.827983e-04 6.304467e-06
-2.611498e-04 6.261766e-06
-2.391858e-04 6.218446e-06
-2.169236e-04 6.174535e-06
-1.943809e-04 6.130074e-06
-1.715739e-04 6.085091e-06
-1.485190e-04 6.039617e-06
-6.783103e-04 8.830358e-06
-6.640110e-04 8.799110e-06
-6.491610e-04 8.766625e-06
-6.337627e-04 8.732972e-06
-6.178204e-04 8.698109e-06
-6.013410e-04 8.662080e-06
-5.843313e-04 8.624882e-06
-5.708121e-04 8.595334e-06
-5.668008e-04 8.586559e-06
-5.473271e-04 8.543973e-06
-5.272750e-04 8.500149e-06
-5.066604e-04 8.455065e-06
-4.855011e-04 8.408803e-06
-4.638155e-04 8.361403e-06
-4.416231e-04 8.312879e-06
-4.189440e-04 8.263278e-06
-3.957990e-04 8.212681e-06
-3.722091e-04 8.161117e-06
-3.481949e-04 8.108596e-06
-3.237779e-04 8.055220e-06
-2.989790e-04 8.000998e-06
-2.738188e-04 7.945988e-06
-2.483170e-04 7.890231e-06
-2.224938e-04 7.833772e-06
-1.963682e-04 7.776648e-06
-1.699585e-04 7.718906e-06
-7.772320e-04 1.136394e-05
-7.608428e-04 1.132395e-05
-7.438223e-04 1.128243e-05
-7.261734e-04 1.123939e-05
-7.079008e-04 1.119480e-05
-6.890128e-04 1.114873e-05
-6.695170e-04 1.110117e-05
-6.540220e-04 1.106337e-05
-6.494246e-04 1.105215e-05
-6.271047e-04 1.099771e-05
-6.041220e-04 1.094166e-05
-5.804943e-04 1.088402e-05
-5.562429e-04 1.082485e-05
-5.313880e-04 1.076422e-05
-5.059522e-04 1.070217e-05
-4.799587e-04 1.063876e-05
-4.534314e-04 1.057406e-05
-4.263940e-04 1.050810e-05
-3.988705e-04 1.044095e-05
-3.708854e-04 1.037270e-05
-3.424625e-04 1.030336e-05
-3.136256e-04 1.023299e-05
-2.843974e-04 1.016170e-05
-2.548008e-04 1.008950e-05
-2.248575e-04 1.001647e-05
-1.945887e-04 9.942629e-06
-8.910795e-04 1.474917e-05
-8.722838e-04 1.469764e-05
-8.527645e-04 1.464412e-05
-8.325243e-04 1.458863e-05
-8.115690e-04 1.453119e-05
-7.899080e-04 1.447180e-05
-7.675498e-04 1.441049e-05
-7.497798e-04 1.436178e-05
-7.445075e-04 1.434733e-05
-7.189109e-04 1.427714e-05
-6.925539e-04 1.420491e-05
-6.654575e-04 1.413061e-05
-6.376461e-04 1.405437e-05
-6.091420e-04 1.397624e-05
-5.799724e-04 1.389626e-05
-5.501633e-04 1.381453e-05
-5.197417e-04 1.373111e-05
-4.887355e-04 1.364613e-05
-4.571718e-04 1.355959e-05
-4.250789e-04 1.347162e-05
-3.924840e-04 1.338225e-05
-3.594143e-04 1.329159e-05
-3.258960e-04 1.319970e-05
-2.919554e-04 1.310665e-05
-2.576173e-04 1.301252e-05
-2.229061e-04 1.291734e-05
-1.022199e-03 1.931897e-05
-1.000630e-03 1.925196e-05
-9.782316e-04 1.918239e-05
-9.550059e-04 1.911028e-05
-9.309596e-04 1.903560e-05
-9.061031e-04 1.895840e-05
-8.804474e-04 1.887872e-05
-8.600563e-04 1.881538e-05
-8.540061e-04 1.879660e-05
-8.246340e-04 1.870538e-05
-7.943896e-04 1.861144e-05
-7.632967e-04 1.851490e-05
-7.313832e-04 1.841579e-05
-6.986754e-04 1.831420e-05
-6.652038e-04 1.821023e-05
-6.309983e-04 1.810400e-05
-5.960903e-04 1.799560e-05
-5.605115e-04 1.788511e-05
-5.242931e-04 1.777265e-05
-4.874675e-04 1.765826e-05
-4.500661e-04 1.754209e-05
-4.121200e-04 1.742427e-05
-3.736592e-04 1.730480e-05
-3.347141e-04 1.718389e-05
-2.953127e-04 1.706151e-05
-2.554836e-04 1.693781e-05
-1.173333e-03 2.555215e-05
-1.148568e-03 2.546425e-05
-1.122849e-03 2.537299e-05
-1.096180e-03 2.527839e-05
-1.068569e-03 2.518040e-05
-1.040028e-03 2.507910e-05
-1.010569e-03 2.497460e-05
-9.871552e-04 2.489151e-05
-9.802081e-04 2.486686e-05
-9.464827e-04 2.474718e-05
-9.117551e-04 2.462395e-05
-8.760539e-04 2.449725e-05
-8.394100e-04 2.436723e-05
-8.018548e-04 2.423398e-05
-7.634226e-04 2.409761e-05
-7.241479e-04 2.395821e-05
-6.840664e-04 2.381599e-05
-6.432151e-04 2.367104e-05
-6.016296e-04 2.352347e-05
-5.593470e-04 2.337343e-05
-5.164035e-04 2.322106e-05
-4.728348e-04 2.306645e-05
-4.286751e-04 2.290975e-05
-3.839595e-04 2.275109e-05
-3.387206e-04 2.259054e-05
-2.929904e-04 2.242827e-05
-1.347682e-03 3.414149e-05
-1.319226e-03 3.402505e-05
-1.289674e-03 3.390415e-05
-1.259031e-03 3.377875e-05
-1.227306e-03 3.364895e-05
-1.194512e-03 3.351475e-05
-1.160664e-03 3.337627e-05
-1.133762e-03 3.326619e-05
-1.125780e-03 3.323355e-05
-1.087030e-03 3.307497e-05
-1.047128e-03 3.291173e-05
-1.006108e-03 3.274387e-05
-9.640056e-04 3.257161e-05
-9.208558e-04 3.239505e-05
-8.766983e-04 3.221439e-05
-8.315732e-04 3.202974e-05
-7.855216e-04 3.184130e-05
-7.385855e-04 3.164926e-05
-6.908060e-04 3.145376e-05
-6.422262e-04 3.125498e-05
-5.928868e-04 3.105310e-05
-5.428295e-04 3.084827e-05
-4.920938e-04 3.064068e-05
-4.407195e-04 3.043046e-05
-3.887441e-04 3.021782e-05
-3.362045e-04 3.000282e-05
-1.548976e-03 4.609449e-05
-1.516257e-03 4.593865e-05
-1.482277e-03 4.577682e-05
-1.447044e-03 4.560897e-05
-1.410566e-03 4.543523e-05
-1.372860e-03 4.525561e-05
-1.333941e-03 4.507025e-05
-1.303009e-03 4.492290e-05
-1.293831e-03 4.487921e-05
-1.249276e-03 4.466699e-05
-1.203399e-03 4.444845e-05
-1.156235e-03 4.422379e-05
-1.107826e-03 4.399320e-05
-1.058214e-03 4.375690e-05
-1.007444e-03 4.351507e-05
-9.555611e-04 4.326796e-05
-9.026136e-04 4.301571e-05
-8.486493e-04 4.275868e-05
-7.937161e-04 4.249702e-05
-7.378625e-04 4.223098e-05
-6.811364e-04 4.196080e-05
-6.235852e-04 4.168665e-05
-5.652544e-04 4.140882e-05
-5.061897e-04 4.112750e-05
-4.464344e-04 4.084282e-05
-3.860310e-04 4.055512e-05
-1.781571e-03 6.288349e-05
-1.743921e-03 6.267268e-05
-1.704822e-03 6.245373e-05
-1.664281e-03 6.222674e-05
-1.622308e-03 6.199172e-05
-1.578922e-03 6.174879e-05
-1.534141e-03 6.149806e-05
-1.498550e-03 6.129875e-05
-1.487990e-03 6.123965e-05
-1.436724e-03 6.095259e-05
-1.383936e-03 6.065702e-05
-1.329669e-03 6.035315e-05
-1.273971e-03 6.004126e-05
-1.216887e-03 5.972163e-05
-1.158472e-03 5.939456e-05
-1.098778e-03 5.906031e-05
-1.037858e-03 5.871921e-05
-9.757691e-04 5.837152e-05
-9.125660e-04 5.801762e-05
-8.483047e-04 5.765782e-05
-7.830399e-04 5.729239e-05
-7.168264e-04 5.692163e-05
-6.497164e-04 5.654588e-05
-5.817629e-04 5.616537e-05
-5.130153e-04 5.578041e-05
-4.435227e-04 5.539131e-05
-2.055035e-03 8.710651e-05
-2.011585e-03 8.681690e-05
-1.966463e-03 8.651618e-05
-1.919676e-03 8.620436e-05
-1.871237e-03 8.588148e-05
-1.821168e-03 8.554780e-05
-1.769490e-03 8.520339e-05
-1.728417e-03 8.492959e-05
-1.716231e-03 8.484838e-05
-1.657070e-03 8.445407e-05
-1.596153e-03 8.404808e-05
-1.533530e-03 8.363068e-05
-1.469255e-03 8.320227e-05
-1.403383e-03 8.276324e-05
-1.335975e-03 8.231401e-05
-1.267090e-03 8.185485e-05
-1.196794e-03 8.138633e-05
-1.125149e-03 8.090878e-05
-1.052218e-03 8.042273e-05
-9.780673e-04 7.992849e-05
-9.027594e-04 7.942656e-05
-8.263575e-04 7.891735e-05
-7.489223e-04 7.840124e-05
-6.705145e-04 7.787864e-05
-5.911917e-04 7.734994e-05
-5.110099e-04 7.681557e-05
-2.366870e-03 1.212310e-04
-2.316800e-03 1.208310e-04
-2.264804e-03 1.204156e-04
-2.210889e-03 1.199849e-04
-2.155071e-03 1.195390e-04
-2.097375e-03 1.190781e-04
-2.037825e-03 1.186024e-04
-1.990497e-03 1.182243e-04
-1.976455e-03 1.181122e-04
-1.908284e-03 1.175676e-04
-1.838091e-03 1.170068e-04
-1.765932e-03 1.164304e-04
-1.691872e-03 1.158388e-04
-1.615972e-03 1.152324e-04
-1.538302e-03 1.146120e-04
-1.458932e-03 1.139779e-04
-1.377937e-03 1.133309e-04
-1.295389e-03 1.126714e-04
-1.211361e-03 1.120002e-04
-1.125928e-03 1.113177e-04
-1.039163e-03 1.106246e-04
-9.511389e-04 1.099214e-04
-8.619257e-04 1.092087e-04
-7.715930e-04 1.084871e-04
-6.802074e-04 1.077570e-04
-5.878337e-04 1.070191e-04
-2.727983e-03 1.702723e-04
-2.670239e-03 1.697143e-04
-2.610274e-03 1.691349e-04
-2.548097e-03 1.685340e-04
-2.483726e-03 1.679120e-04
-2.417189e-03 1.672691e-04
-2.348517e-03 1.666055e-04
-2.293938e-03 1.660781e-04
-2.277745e-03 1.659216e-04
-2.199132e-03 1.651620e-04
-2.118188e-03 1.643798e-04
-2.034978e-03 1.635757e-04
-1.949577e-03 1.627505e-04
-1.862056e-03 1.619047e-04
-1.772494e-03 1.610393e-04
-1.680976e-03 1.601550e-04
-1.587584e-03 1.592525e-04
-1.492402e-03 1.583327e-04
-1.395517e-03 1.573965e-04
-1.297012e-03 1.564447e-04
-1.196975e-03 1.554779e-04
-1.095487e-03 1.544973e-04
-9.926291e-04 1.535033e-04
-8.884831e-04 1.524969e-04
-7.831250e-04 1.514788e-04
-6.766297e-04 1.504497e-04
-3.146392e-03 2.411499e-04
-3.079746e-03 2.403641e-04
-3.010536e-03 2.395481e-04
-2.938775e-03 2.387021e-04
-2.864483e-03 2.378262e-04
-2.787693e-03 2.369209e-04
-2.708438e-03 2.359865e-04
-2.645449e-03 2.352439e-04
-2.626762e-03 2.350235e-04
-2.536038e-03 2.339539e-04
-2.442625e-03 2.328526e-04
-2.346601e-03 2.317205e-04
-2.248048e-03 2.305585e-04
-2.147051e-03 2.293678e-04
-2.043702e-03 2.281493e-04
-1.938097e-03 2.269043e-04
-1.830331e-03 2.256337e-04
-1.720503e-03 2.243389e-04
-1.608711e-03 2.230208e-04
-1.495054e-03 2.216808e-04
-1.379631e-03 2.203200e-04
-1.262536e-03 2.189394e-04
-1.143864e-03 2.175403e-04
-1.023709e-03 2.161236e-04
-9.021573e-04 2.146906e-04
-7.792968e-04 2.132420e-04
-3.631413e-03 3.440590e-04
-3.554430e-03 3.429428e-04
-3.474490e-03 3.417838e-04
-3.391603e-03 3.405820e-04
-3.305796e-03 3.393379e-04
-3.217105e-03 3.380520e-04
-3.125567e-03 3.367248e-04
-3.052820e-03 3.356700e-04
-3.031235e-03 3.353571e-04
-2.926457e-03 3.338380e-04
-2.818576e-03 3.322738e-04
-2.707680e-03 3.306659e-04
-2.593869e-03 3.290158e-04
-2.477236e-03 3.273248e-04
-2.357891e-03 3.255945e-04
-2.235943e-03 3.238264e-04
-2.111504e-03 3.220221e-04
-1.984687e-03 3.201834e-04
-1.855605e-03 3.183119e-04
-1.724375e-03 3.164091e-04
-1.591107e-03 3.144769e-04
-1.455914e-03 3.125167e-04
-1.318904e-03 3.105303e-04
-1.180186e-03 3.085190e-04
-1.039860e-03 3.064844e-04
-8.980263e-04 3.044280e-04
-4.194717e-03 4.942692e-04
-4.105714e-03 4.926705e-04
-4.013289e-03 4.910104e-04
-3.917462e-03 4.892890e-04
-3.818258e-03 4.875069e-04
-3.715723e-03 4.856651e-04
-3.609901e-03 4.837642e-04
-3.525802e-03 4.822537e-04
-3.500852e-03 4.818054e-04
-3.379729e-03 4.796297e-04
-3.255022e-03 4.773895e-04
-3.126834e-03 4.750871e-04
-2.995279e-03 4.727238e-04
-2.860468e-03 4.703023e-04
-2.722527e-03 4.678242e-04
-2.581581e-03 4.652927e-04
-2.437762e-03 4.627091e-04
-2.291199e-03 4.600766e-04
-2.142024e-03 4.573969e-04
-1.990370e-03 4.546726e-04
-1.836368e-03 4.519062e-04
-1.680148e-03 4.490999e-04
-1.521833e-03 4.462563e-04
-1.361549e-03 4.433770e-04
-1.199415e-03 4.404645e-04
-1.035545e-03 4.375210e-04
-4.847711e-03 7.136318e-04
-4.744738e-03 7.113261e-04
-4.637814e-03 7.089316e-04
-4.526955e-03 7.064495e-04
-4.412194e-03 7.038797e-04
-4.293583e-03 7.012240e-04
-4.171173e-03 6.984830e-04
-4.073896e-03 6.963050e-04
-4.045033e-03 6.956588e-04
-3.904932e-03 6.925217e-04
-3.760693e-03 6.892921e-04
-3.612433e-03 6.859723e-04
-3.460283e-03 6.825653e-04
-3.304375e-03 6.790744e-04
-3.144852e-03 6.755023e-04
-2.981862e-03 6.718527e-04
-2.815554e-03 6.681287e-04
-2.646082e-03 6.643341e-04
-2.473597e-03 6.604718e-04
-2.298254e-03 6.565458e-04
-2.120204e-03 6.525588e-04
-1.939597e-03 6.485149e-04
-1.756578e-03 6.444166e-04
-1.571292e-03 6.402677e-04
-1.383875e-03 6.360712e-04
-1.194462e-03 6.318298e-04
-5.604104e-03 1.034143e-03
-5.484914e-03 1.030799e-03
-5.361153e-03 1.027327e-03
-5.232843e-03 1.023727e-03
-5.100018e-03 1.020001e-03
-4.962744e-03 1.016149e-03
-4.821080e-03 1.012175e-03
-4.708504e-03 1.009017e-03
-4.675106e-03 1.008080e-03
-4.512981e-03 1.003532e-03
-4.346074e-03 9.988489e-04
-4.174523e-03 9.940363e-04
-3.998480e-03 9.890972e-04
-3.818097e-03 9.840366e-04
-3.633543e-03 9.788588e-04
-3.444986e-03 9.735689e-04
-3.252603e-03 9.681718e-04
-3.056569e-03 9.626721e-04
-2.857061e-03 9.570745e-04
-2.654258e-03 9.513852e-04
-2.448337e-03 9.456079e-04
-2.239470e-03 9.397478e-04
-2.027827e-03 9.338104e-04
-1.813574e-03 9.277995e-04
-1.596871e-03 9.217198e-04
-1.377874e-03 9.155757e-04
-6.478642e-03 1.501675e-03
-6.340642e-03 1.496805e-03
-6.197355e-03 1.491748e-03
-6.048809e-03 1.486506e-03
-5.895046e-03 1.481080e-03
-5.736137e-03 1.475472e-03
-5.572154e-03 1.469685e-03
-5.441848e-03 1.465086e-03
-5.403191e-03 1.463722e-03
-5.215544e-03 1.457100e-03
-5.022375e-03 1.450283e-03
-4.823842e-03 1.443276e-03
-4.620122e-03 1.436087e-03
-4.411396e-03 1.428721e-03
-4.197852e-03 1.421185e-03
-3.979696e-03 1.413486e-03
-3.757124e-03 1.405631e-03
-3.530346e-03 1.397628e-03
-3.299565e-03 1.389483e-03
-3.064991e-03 1.381205e-03
-2.826825e-03 1.372800e-03
-2.585272e-03 1.364275e-03
-2.340525e-03 1.355638e-03
-2.092780e-03 1.346894e-03
-1.842219e-03 1.338052e-03
-1.589026e-03 1.329116e-03
-7.488548e-03 2.182387e-03
-7.328748e-03 2.175271e-03
-7.162831e-03 2.167883e-03
-6.990837e-03 2.160224e-03
-6.812812e-03 2.152296e-03
-6.628842e-03 2.144105e-03
-6.439006e-03 2.135650e-03
-6.288165e-03 2.128933e-03
-6.243418e-03 2.126941e-03
-6.026218e-03 2.117269e-03
-5.802642e-03 2.107313e-03
-5.572874e-03 2.097081e-03
-5.337124e-03 2.086583e-03
-5.095597e-03 2.075827e-03
-4.848517e-03 2.064824e-03
-4.596120e-03 2.053584e-03
-4.338639e-03 2.042118e-03
-4.076312e-03 2.030436e-03
-3.809380e-03 2.018549e-03
-3.538083e-03 2.006468e-03
-3.262659e-03 1.994202e-03
-2.983341e-03 1.981763e-03
-2.700359e-03 1.969161e-03
-2.413937e-03 1.956406e-03
-2.124289e-03 1.943507e-03
-1.831625e-03 1.930474e-03
-8.650705e-03 3.168444e-03
-8.465699e-03 3.158028e-03
-8.273633e-03 3.147215e-03
-8.074539e-03 3.136006e-03
-7.868480e-03 3.124405e-03
-7.655556e-03 3.112418e-03
-7.435861e-03 3.100049e-03
-7.261307e-03 3.090221e-03
-7.209526e-03 3.087306e-03
-6.958203e-03 3.073157e-03
-6.699528e-03 3.058593e-03
-6.433713e-03 3.043628e-03
-6.161004e-03 3.028274e-03
-5.881636e-03 3.012545e-03
-5.595881e-03 2.996457e-03
-5.304002e-03 2.980023e-03
-5.006278e-03 2.963261e-03
-4.702981e-03 2.946184e-03
-4.394396e-03 2.928810e-03
-4.080800e-03 2.911154e-03
-3.762470e-03 2.893231e-03
-3.439678e-03 2.875057e-03
-3.112688e-03 2.856645e-03
-2.781762e-03 2.838012e-03
-2.447150e-03 2.819172e-03
-2.109095e-03 2.800138e-03
-9.982463e-03 4.587098e-03
-9.768417e-03 4.571850e-03
-9.546217e-03 4.556020e-03
-9.315908e-03 4.539614e-03
-9.077566e-03 4.522634e-03
-8.831303e-03 4.505091e-03
-8.577234e-03 4.486992e-03
-8.375389e-03 4.472612e-03
-8.315517e-03 4.468347e-03
-8.024932e-03 4.447646e-03
-7.725880e-03 4.426341e-03
-7.418610e-03 4.404451e-03
-7.103409e-03 4.381995e-03
-6.780556e-03 4.358993e-03
-6.450359e-03 4.335469e-03
-6.113130e-03 4.311443e-03
-5.769191e-03 4.286939e-03
-5.418865e-03 4.261980e-03
-5.062477e-03 4.236588e-03
-4.700354e-03 4.210788e-03
-4.332816e-03 4.184601e-03
-3.960181e-03 4.158051e-03
-3.582753e-03 4.131159e-03
-3.200841e-03 4.103948e-03
-2.814732e-03 4.076437e-03
-2.424709e-03 4.048647e-03
-1.150018e-02 6.609588e-03
-1.125281e-02 6.587296e-03
-1.099605e-02 6.564158e-03
-1.072994e-02 6.540175e-03
-1.045458e-02 6.515362e-03
-1.017011e-02 6.489723e-03
-9.876652e-03 6.463276e-03
-9.643535e-03 6.442268e-03
-9.574390e-03 6.436036e-03
-9.238842e-03 6.405795e-03
-8.893561e-03 6.374676e-03
-8.538845e-03 6.342707e-03
-8.175028e-03 6.309917e-03
-7.802431e-03 6.276334e-03
-7.421424e-03 6.241994e-03
-7.032362e-03 6.206927e-03
-6.635627e-03 6.171168e-03
-6.231589e-03 6.134749e-03
-5.820629e-03 6.097707e-03
-5.403130e-03 6.060074e-03
-4.979461e-03 6.021884e-03
-4.549993e-03 5.983171e-03
-4.115082e-03 5.943966e-03
-3.675083e-03 5.904302e-03
-3.230331e-03 5.864209e-03
-2.781157e-03 5.823716e-03
-1.321762e-02 9.459399e-03
-1.293224e-02 9.426909e-03
-1.263604e-02 9.393189e-03
-1.232911e-02 9.358246e-03
-1.201155e-02 9.322092e-03
-1.168353e-02 9.284748e-03
-1.134520e-02 9.246228e-03
-1.107647e-02 9.215631e-03
-1.099677e-02 9.206556e-03
-1.061003e-02 9.162523e-03
-1.021214e-02 9.117220e-03
-9.803455e-03 9.070686e-03
-9.384357e-03 9.022965e-03
-8.955227e-03 8.974102e-03
-8.516494e-03 8.924142e-03
-8.068575e-03 8.873133e-03
-7.611912e-03 8.821131e-03
-7.146939e-03 8.768180e-03
-6.674100e-03 8.714331e-03
-6.193837e-03 8.659636e-03
-5.706582e-03 8.604143e-03
-5.212766e-03 8.547899e-03
-4.712803e-03 8.490952e-03
-4.207104e-03 8.433355e-03
-3.696061e-03 8.375144e-03
-3.180054e-03 8.316367e-03
-1.514457e-02 1.341866e-02
-1.481609e-02 1.337154e-02
-1.447523e-02 1.332264e-02
-1.412206e-02 1.327197e-02
-1.375673e-02 1.321956e-02
-1.337942e-02 1.316543e-02
-1.299032e-02 1.310960e-02
-1.268133e-02 1.306527e-02
-1.258969e-02 1.305212e-02
-1.214509e-02 1.298833e-02
-1.168777e-02 1.292271e-02
-1.121814e-02 1.285532e-02
-1.073666e-02 1.278622e-02
-1.024376e-02 1.271549e-02
-9.739947e-03 1.264319e-02
-9.225711e-03 1.256938e-02
-8.701561e-03 1.249415e-02
-8.168009e-03 1.241757e-02
-7.625567e-03 1.233971e-02
-7.074749e-03 1.226064e-02
-6.516062e-03 1.218044e-02
-5.950002e-03 1.209918e-02
-5.377047e-03 1.201693e-02
-4.797680e-03 1.193374e-02
-4.212353e-03 1.184970e-02
-3.621508e-03 1.176487e-02
-1.728425e-02 1.882712e-02
-1.690733e-02 1.875923e-02
-1.651627e-02 1.868880e-02
-1.611118e-02 1.861583e-02
-1.569222e-02 1.854037e-02
-1.525961e-02 1.846243e-02
-1.481358e-02 1.838209e-02
-1.445944e-02 1.831828e-02
-1.435443e-02 1.829937e-02
-1.384501e-02 1.820759e-02
-1.332115e-02 1.811320e-02
-1.278332e-02 1.801629e-02
-1.223207e-02 1.791696e-02
-1.166791e-02 1.781529e-02
-1.109140e-02 1.771139e-02
-1.050315e-02 1.760537e-02
-9.903728e-03 1.749732e-02
-9.293738e-03 1.738737e-02
-8.673774e-03 1.727561e-02
-8.044432e-03 1.716214e-02
-7.406299e-03 1.704709e-02
-6.759952e-03 1.693055e-02
-6.105950e-03 1.681262e-02
-5.444844e-03 1.669339e-02
-4.777160e-03 1.657297e-02
-4.103410e-03 1.645145e-02
-1.963543e-02 2.608586e-02
-1.920449e-02 2.598885e-02
-1.875748e-02 2.588822e-02
-1.829455e-02 2.578399e-02
-1.781587e-02 2.567621e-02
-1.732172e-02 2.556494e-02
-1.681238e-02 2.545024e-02
-1.640806e-02 2.535919e-02
-1.628818e-02 2.533219e-02
-1.570677e-02 2.520124e-02
-1.510905e-02 2.506661e-02
-1.449558e-02 2.492842e-02
-1.386700e-02 2.478681e-02
-1.322390e-02 2.464191e-02
-1.256697e-02 2.449388e-02
-1.189686e-02 2.434287e-02
-1.121428e-02 2.418903e-02
-1.051991e-02 2.403252e-02
-9.814446e-03 2.387349e-02
-9.098572e-03 2.371210e-02
-8.372974e-03 2.354850e-02
-7.638317e-03 2.338283e-02
-6.895247e-03 2.321525e-02
-6.144403e-03 2.304589e-02
-5.386390e-03 2.287490e-02
-4.621798e-03 2.270240e-02
-2.217274e-02 3.557502e-02
-2.168246e-02 3.543798e-02
-2.117405e-02 3.529586e-02
-2.064765e-02 3.514869e-02
-2.010351e-02 3.499654e-02
-1.954194e-02 3.483951e-02
-1.896328e-02 3.467768e-02
-1.850405e-02 3.454924e-02
-1.836792e-02 3.451115e-02
-1.770779e-02 3.432650e-02
-1.702939e-02 3.413670e-02
-1.633337e-02 3.394195e-02
-1.562047e-02 3.374245e-02
-1.489138e-02 3.353839e-02
-1.414690e-02 3.332999e-02
-1.338780e-02 3.311747e-02
-1.261488e-02 3.290105e-02
-1.182894e-02 3.268094e-02
-1.103078e-02 3.245738e-02
-1.022120e-02 3.223058e-02
-9.400987e-03 3.200077e-02
-8.570906e-03 3.176815e-02
-7.731699e-03 3.153293e-02
-6.884107e-03 3.129533e-02
-6.028825e-03 3.105552e-02
-5.166528e-03 3.081371e-02
-2.488230e-02 4.774466e-02
-2.432732e-02 4.755331e-02
-2.375198e-02 4.735490e-02
-2.315648e-02 4.714951e-02
-2.254109e-02 4.693724e-02
-2.190621e-02 4.671821e-02
-2.125223e-02 4.649255e-02
-2.073340e-02 4.631350e-02
-2.057963e-02 4.626043e-02
-1.983413e-02 4.600311e-02
-1.906831e-02 4.573872e-02
-1.828294e-02 4.546754e-02
-1.747886e-02 4.518983e-02
-1.665690e-02 4.490590e-02
-1.581796e-02 4.461603e-02
-1.496294e-02 4.432055e-02
-1.409278e-02 4.401977e-02
-1.320839e-02 4.371400e-02
-1.231069e-02 4.340357e-02
-1.140062e-02 4.308878e-02
-1.047906e-02 4.276993e-02
-9.546903e-03 4.244734e-02
-8.604999e-03 4.212130e-02
-7.654198e-03 4.179210e-02
-6.695293e-03 4.146001e-02
-5.729059e-03 4.112529e-02
-2.772680e-02 6.295632e-02
-2.710217e-02 6.269271e-02
-2.645485e-02 6.241947e-02
-2.578509e-02 6.213670e-02
-2.509322e-02 6.184454e-02
-2.437972e-02 6.154319e-02
-2.364503e-02 6.123280e-02
-2.306238e-02 6.098661e-02
-2.288973e-02 6.091365e-02
-2.205294e-02 6.055997e-02
-2.119375e-02 6.019673e-02
-2.031304e-02 5.982429e-02
-1.941181e-02 5.944307e-02
-1.849100e-02 5.905345e-02
-1.755166e-02 5.865588e-02
-1.659484e-02 5.825078e-02
-1.562160e-02 5.783861e-02
-1.463300e-02 5.741981e-02
-1.363010e-02 5.699480e-02
-1.261396e-02 5.656404e-02
-1.158560e-02 5.612796e-02
-1.054605e-02 5.568698e-02
-9.496272e-03 5.524151e-02
-8.437232e-03 5.479195e-02
-7.369835e-03 5.433868e-02
-6.294966e-03 5.388206e-02
-3.066329e-02 8.149450e-02
-2.996463e-02 8.113665e-02
-2.924086e-02 8.076586e-02
-2.849230e-02 8.038224e-02
-2.771935e-02 7.998603e-02
-2.692258e-02 7.957750e-02
-2.610252e-02 7.915689e-02
-2.545244e-02 7.882336e-02
-2.525985e-02 7.872455e-02
-2.432673e-02 7.824564e-02
-2.336913e-02 7.775401e-02
-2.238809e-02 7.725013e-02
-2.138475e-02 7.673462e-02
-2.036020e-02 7.620801e-02
-1.931567e-02 7.567090e-02
-1.825234e-02 7.512390e-02
-1.717143e-02 7.456763e-02
-1.607417e-02 7.400271e-02
-1.496175e-02 7.342971e-02
-1.383539e-02 7.284928e-02
-1.269625e-02 7.226199e-02
-1.154551e-02 7.166844e-02
-1.038424e-02 7.106919e-02
-9.213560e-03 7.046476e-02
-8.034486e-03 6.985571e-02
-6.848015e-03 6.924252e-02
-3.364148e-02 1.035096e-01
-3.286507e-02 1.030313e-01
-3.206111e-02 1.025359e-01
-3.123000e-02 1.020237e-01
-3.037221e-02 1.014947e-01
-2.948841e-02 1.009495e-01
-2.857924e-02 1.003885e-01
-2.785885e-02 9.994376e-02
-2.764548e-02 9.981200e-02
-2.661207e-02 9.917368e-02
-2.555219e-02 9.851875e-02
-2.446702e-02 9.784787e-02
-2.335789e-02 9.716180e-02
-2.222605e-02 9.646134e-02
-2.107290e-02 9.574729e-02
-1.989980e-02 9.502049e-02
-1.870813e-02 9.428175e-02
-1.749930e-02 9.353196e-02
-1.627466e-02 9.277190e-02
-1.503560e-02 9.200242e-02
-1.378343e-02 9.122434e-02
-1.251946e-02 9.043843e-02
-1.124494e-02 8.964543e-02
-9.961105e-03 8.884611e-02
-8.669098e-03 8.804119e-02
-7.370050e-03 8.723133e-02
-3.660557e-02 1.289786e-01
-3.574857e-02 1.283498e-01
-3.486159e-02 1.276987e-01
-3.394510e-02 1.270256e-01
-3.299969e-02 1.263310e-01
-3.202613e-02 1.256153e-01
-3.102519e-02 1.248791e-01
-3.023248e-02 1.242957e-01
-2.999776e-02 1.241230e-01
-2.886138e-02 1.232862e-01
-2.769668e-02 1.224280e-01
-2.650499e-02 1.215494e-01
-2.528783e-02 1.206515e-01
-2.404667e-02 1.197352e-01
-2.278305e-02 1.188016e-01
-2.149855e-02 1.178520e-01
-2.019473e-02 1.168873e-01
-1.887318e-02 1.159087e-01
-1.753543e-02 1.149175e-01
-1.618303e-02 1.139145e-01
-1.481748e-02 1.129010e-01
-1.344024e-02 1.118780e-01
-1.205271e-02 1.108464e-01
-1.065626e-02 1.098074e-01
-9.252189e-03 1.087617e-01
-7.841743e-03 1.077104e-01
-3.949620e-02 1.576735e-01
-3.855673e-02 1.568605e-01
-3.758489e-02 1.560190e-01
-3.658129e-02 1.551495e-01
-3.554660e-02 1.542524e-01
-3.448173e-02 1.533287e-01
-3.338758e-02 1.523789e-01
-3.252153e-02 1.516267e-01
-3.226519e-02 1.514039e-01
-3.102461e-02 1.503255e-01
-2.975403e-02 1.492201e-01
-2.845498e-02 1.480889e-01
-2.712919e-02 1.469336e-01
-2.577831e-02 1.457553e-01
-2.440412e-02 1.445556e-01
-2.300837e-02 1.433360e-01
-2.159285e-02 1.420979e-01
-2.015931e-02 1.408428e-01
-1.870949e-02 1.395722e-01
-1.724513e-02 1.382876e-01
-1.576789e-02 1.369903e-01
-1.427941e-02 1.356817e-01
-1.278124e-02 1.343632e-01
-1.127490e-02 1.330360e-01
-9.761835e-03 1.317014e-01
-8.243421e-03 1.303605e-01
-4.225471e-02 1.891708e-01
-4.123191e-02 1.881373e-01
-4.017449e-02 1.870681e-01
-3.908313e-02 1.859638e-01
-3.795869e-02 1.848251e-01
-3.680218e-02 1.836530e-01
-3.561464e-02 1.824485e-01
-3.467526e-02 1.814949e-01
-3.439730e-02 1.812126e-01
-3.305276e-02 1.798464e-01
-3.167678e-02 1.784468e-01
-3.027113e-02 1.770156e-01
-2.883774e-02 1.755545e-01
-2.737846e-02 1.740655e-01
-2.589532e-02 1.725503e-01
-2.439028e-02 1.710110e-01
-2.286533e-02 1.694495e-01
-2.132243e-02 1.678676e-01
-1.976352e-02 1.662673e-01
-1.819053e-02 1.646505e-01
-1.660531e-02 1.630190e-01
-1.500965e-02 1.613745e-01
-1.340529e-02 1.597187e-01
-1.179390e-02 1.580534e-01
-1.017705e-02 1.563801e-01
-8.556261e-03 1.547002e-01
-4.481202e-02 2.226805e-01
-4.370652e-02 2.213905e-01
-4.256431e-02 2.200564e-01
-4.138618e-02 2.186791e-01
-4.017314e-02 2.172596e-01
-3.892636e-02 2.157993e-01
-3.764705e-02 2.142992e-01
-3.663572e-02 2.131123e-01
-3.633658e-02 2.127611e-01
-3.489034e-02 2.110616e-01
-3.341151e-02 2.093217e-01
-3.190212e-02 2.075435e-01
-3.036431e-02 2.057295e-01
-2.880019e-02 2.038820e-01
-2.721198e-02 2.020033e-01
-2.560189e-02 2.000961e-01
-2.397212e-02 1.981627e-01
-2.232486e-02 1.962055e-01
-2.066224e-02 1.942271e-01
-1.898638e-02 1.922297e-01
-1.729931e-02 1.902156e-01
-1.560302e-02 1.881872e-01
-1.389939e-02 1.861466e-01
-1.219025e-02 1.840957e-01
-1.047732e-02 1.820367e-01
-8.762231e-03 1.799713e-01
-4.714716e-02 2.578539e-01
-4.595962e-02 2.562679e-01
-4.473346e-02 2.546285e-01
-4.346962e-02 2.529369e-01
-4.216924e-02 2.511943e-01
-4.083370e-02 2.494025e-01
-3.946435e-02 2.475630e-01
-3.838259e-02 2.461083e-01
-3.806275e-02 2.456779e-01
-3.651726e-02 2.435962e-01
-3.493838e-02 2.414665e-01
-3.332837e-02 2.392914e-01
-3.168965e-02 2.370739e-01
-3.002454e-02 2.348170e-01
-2.833553e-02 2.325239e-01
-2.662503e-02 2.301975e-01
-2.489549e-02 2.278409e-01
-2.314930e-02 2.254573e-01
-2.138883e-02 2.230496e-01
-1.961636e-02 2.206208e-01
-1.783415e-02 2.181738e-01
-1.604432e-02 2.157113e-01
-1.424894e-02 2.132360e-01
-1.244999e-02 2.107505e-01
-1.064930e-02 2.082572e-01
-8.848660e-03 2.057584e-01
-4.919166e-02 2.935086e-01
-4.792454e-02 2.915913e-01
-4.661712e-02 2.896106e-01
-4.527050e-02 2.875678e-01
-4.388600e-02 2.854646e-01
-4.246517e-02 2.833031e-01
-4.100956e-02 2.810855e-01
-3.986051e-02 2.793325e-01
-3.952091e-02 2.788140e-01
-3.788091e-02 2.763074e-01
-3.620710e-02 2.737446e-01
-3.450200e-02 2.711291e-01
-3.276825e-02 2.684645e-01
-3.100846e-02 2.657546e-01
-2.922533e-02 2.630031e-01
-2.742155e-02 2.602139e-01
-2.559976e-02 2.573908e-01
-2.376260e-02 2.545376e-01
-2.191261e-02 2.516579e-01
-2.005231e-02 2.487553e-01
-1.818411e-02 2.458335e-01
-1.631033e-02 2.428957e-01
-1.443316e-02 2.399451e-01
-1.255474e-02 2.369851e-01
-1.067705e-02 2.340185e-01
-8.801962e-03 2.310480e-01
-5.091460e-02 3.288282e-01
-4.957106e-02 3.265469e-01
-4.818578e-02 3.241912e-01
-4.676007e-02 3.217631e-01
-4.529543e-02 3.192645e-01
-4.379360e-02 3.166983e-01
-4.225632e-02 3.140668e-01
-4.104375e-02 3.119879e-01
-4.068555e-02 3.113732e-01
-3.895672e-02 3.084027e-01
-3.719406e-02 3.053677e-01
-3.540033e-02 3.022725e-01
-3.357846e-02 2.991216e-01
-3.173129e-02 2.959196e-01
-2.986179e-02 2.926710e-01
-2.797286e-02 2.893805e-01
-2.606739e-02 2.860526e-01
-2.414823e-02 2.826921e-01
-2.221813e-02 2.793033e-01
-2.027980e-02 2.758905e-01
-1.833581e-02 2.724581e-01
-1.638867e-02 2.690101e-01
-1.444070e-02 2.655503e-01
-1.249416e-02 2.620824e-01
-1.055117e-02 2.586101e-01
-8.613698e-03 2.551366e-01
-5.228557e-02 3.628897e-01
-5.086957e-02 3.602162e-01
-4.941076e-02 3.574570e-01
-4.791058e-02 3.546145e-01
-4.637072e-02 3.516914e-01
-4.479314e-02 3.486907e-01
-4.317977e-02 3.456158e-01
-4.190825e-02 3.431879e-01
-4.153281e-02 3.424703e-01
-3.972194e-02 3.390037e-01
-3.787763e-02 3.354645e-01
-3.600289e-02 3.318577e-01
-3.410093e-02 3.281890e-01
-3.217483e-02 3.244635e-01
-3.022782e-02 3.206870e-01
-2.826304e-02 3.168650e-01
-2.628360e-02 3.130029e-01
-2.429255e-02 3.091062e-01
-2.229285e-02 3.051801e-01
-2.028739e-02 3.012300e-01
-1.827891e-02 2.972607e-01
-1.627004e-02 2.932770e-01
-1.426327e-02 2.892834e-01
-1.226098e-02 2.852845e-01
-1.026536e-02 2.812842e-01
-8.278490e-03 2.772865e-01
-5.328148e-02 3.947989e-01
-5.179789e-02 3.917113e-01
-5.027066e-02 3.885265e-01
-4.870147e-02 3.852475e-01
-4.709218e-02 3.818774e-01
-4.544498e-02 3.784201e-01
-4.376203e-02 3.748795e-01
-4.243680e-02 3.720855e-01
-4.204571e-02 3.712599e-01
-4.016058e-02 3.672739e-01
-3.824280e-02 3.632073e-01
-3.629567e-02 3.590664e-01
-3.432266e-02 3.548577e-01
-3.232710e-02 3.505874e-01
-3.031245e-02 3.462623e-01
-2.828209e-02 3.418887e-01
-2.623935e-02 3.374732e-01
-2.418748e-02 3.330222e-01
-2.212962e-02 3.285418e-01
-2.006882e-02 3.240380e-01
-1.800799e-02 3.195166e-01
-1.594990e-02 3.149833e-01
-1.389713e-02 3.104432e-01
-1.185218e-02 3.059014e-01
-9.817322e-03 3.013627e-01
-7.794709e-03 2.968315e-01
-5.388667e-02 4.237249e-01
-5.234104e-02 4.202088e-01
-5.075132e-02 4.165842e-01
-4.911936e-02 4.128544e-01
-4.744725e-02 4.090236e-01
-4.573739e-02 4.050960e-01
-4.399215e-02 4.010765e-01
-4.261915e-02 3.979066e-01
-4.221415e-02 3.969703e-01
-4.026344e-02 3.924515e-01
-3.828129e-02 3.878451e-01
-3.627128e-02 3.831582e-01
-3.423714e-02 3.783985e-01
-3.218244e-02 3.735734e-01
-3.011088e-02 3.686905e-01
-2.802605e-02 3.637574e-01
-2.593149e-02 3.587815e-01
-2.383063e-02 3.537702e-01
-2.172680e-02 3.487306e-01
-1.962318e-02 3.436696e-01
-1.752283e-02 3.385938e-01
-1.542862e-02 3.335097e-01
-1.334324e-02 3.284230e-01
-1.126927e-02 3.233398e-01
-9.209041e-03 3.182652e-01
-7.164759e-03 3.132044e-01
-5.409279e-02 4.487080e-01
-5.249192e-02 4.447618e-01
-5.084684e-02 4.406963e-01
-4.915960e-02 4.365154e-01
-4.743252e-02 4.322239e-01
-4.566820e-02 4.278270e-01
-4.386922e-02 4.233303e-01
-4.245527e-02 4.197861e-01
-4.203843e-02 4.187396e-01
-4.003210e-02 4.136917e-01
-3.799595e-02 4.085499e-01
-3.593381e-02 4.033227e-01
-3.384966e-02 3.980187e-01
-3.174730e-02 3.926466e-01
-2.963064e-02 3.872149e-01
-2.750349e-02 3.817324e-01
-2.536958e-02 3.762076e-01
-2.323250e-02 3.706487e-01
-2.109571e-02 3.650638e-01
-1.896255e-02 3.594607e-01
-1.683616e-02 3.538470e-01
-1.471953e-02 3.482296e-01
-1.261543e-02 3.426155e-01
-1.052647e-02 3.370109e-01
-8.455041e-03 3.314218e-01
-6.403367e-03 3.258537e-01
-5.390299e-02 4.696236e-01
-5.225329e-02 4.652469e-01
-5.055958e-02 4.607405e-01
-4.882416e-02 4.561093e-01
-4.704954e-02 4.513587e-01
-4.523856e-02 4.464948e-01
-4.339401e-02 4.415239e-01
-4.194568e-02 4.376086e-01
-4.151895e-02 4.364529e-01
-3.946659e-02 4.308812e-01
-3.738645e-02 4.252107e-01
-3.528258e-02 4.194509e-01
-3.315920e-02 4.136118e-01
-3.102035e-02 4.077030e-01
-2.887013e-02 4.017343e-01
-2.671254e-02 3.957155e-01
-2.455146e-02 3.896561e-01
-2.239066e-02 3.835654e-01
-2.023371e-02 3.774524e-01
-1.808406e-02 3.713258e-01
-1.594494e-02 3.651940e-01
-1.381941e-02 3.590648e-01
-1.171028e-02 3.529457e-01
-9.620197e-03 3.468437e-01
-7.551577e-03 3.407652e-01
-5.506638e-03 3.347165e-01
-5.332321e-02 4.856710e-01
-5.163239e-02 4.808790e-01
-4.989816e-02 4.759483e-01
-4.812300e-02 4.708843e-01
-4.630965e-02 4.656932e-01
-4.446113e-02 4.603822e-01
-4.258049e-02 4.549583e-01
-4.110534e-02 4.506890e-01
-4.067097e-02 4.494293e-01
-3.858352e-02 4.433593e-01
-3.647066e-02 4.371871e-01
-3.433670e-02 4.309232e-01
-3.218606e-02 4.245789e-01
-3.002297e-02 4.181648e-01
-2.785174e-02 4.116920e-01
-2.567652e-02 4.051712e-01
-2.350133e-02 3.986130e-01
-2.133005e-02 3.920277e-01
-1.916638e-02 3.854252e-01
-1.701383e-02 3.788150e-01
-1.487570e-02 3.722063e-01
-1.275508e-02 3.656076e-01
-1.065482e-02 3.590271e-01
-8.577557e-03 3.524723e-01
-6.525700e-03 3.459503e-01
-4.501436e-03 3.394676e-01
-5.236770e-02 4.966226e-01
-5.064388e-02 4.914390e-01
-4.887757e-02 4.861087e-01
-4.707145e-02 4.806381e-01
-4.522849e-02 4.750343e-01
-4.335192e-02 4.693052e-01
-4.144497e-02 4.634588e-01
-3.995080e-02 4.588601e-01
-3.951109e-02 4.575037e-01
-3.739979e-02 4.509714e-01
-3.526579e-02 4.443349e-01
-3.311363e-02 4.376062e-01
-3.094791e-02 4.307974e-01
-2.877305e-02 4.239204e-01
-2.659351e-02 4.169873e-01
-2.441357e-02 4.100099e-01
-2.223738e-02 4.029998e-01
-2.006891e-02 3.959681e-01
-1.791193e-02 3.889256e-01
-1.577000e-02 3.818827e-01
-1.364645e-02 3.748491e-01
-1.154439e-02 3.678342e-01
-9.466640e-03 3.608465e-01
-7.415845e-03 3.538942e-01
-5.394351e-03 3.469849e-01
-3.404297e-03 3.401254e-01
-5.105839e-02 5.023174e-01
-4.931016e-02 4.967754e-01
-4.752072e-02 4.910806e-01
-4.569294e-02 4.852400e-01
-4.382997e-02 4.792615e-01
-4.193526e-02 4.731540e-01
-4.001222e-02 4.669262e-01
-3.850713e-02 4.620311e-01
-3.806450e-02 4.605879e-01
-3.594098e-02 4.536412e-01
-3.379778e-02 4.465902e-01
-3.163962e-02 4.394479e-01
-2.947127e-02 4.322277e-01
-2.729731e-02 4.249425e-01
-2.512232e-02 4.176054e-01
-2.295069e-02 4.102290e-01
-2.078665e-02 4.028260e-01
-1.863424e-02 3.954083e-01
-1.649726e-02 3.879874e-01
-1.437930e-02 3.805745e-01
-1.228369e-02 3.731799e-01
-1.021351e-02 3.658134e-01
-8.171556e-03 3.584843e-01
-6.160404e-03 3.512010e-01
-4.182337e-03 3.439714e-01
-2.239415e-03 3.368027e-01
-4.941815e-02 5.027536e-01
-4.765451e-02 4.968947e-01
-4.585125e-02 4.908784e-01
-4.401144e-02 4.847126e-01
-4.213842e-02 4.784061e-01
-4.023581e-02 4.719684e-01
-3.830723e-02 4.654093e-01
-3.679954e-02 4.602576e-01
-3.635645e-02 4.587394e-01
-3.423262e-02 4.514357e-01
-3.209240e-02 4.440295e-01
-2.994064e-02 4.365347e-01
-2.778229e-02 4.289659e-01
-2.562201e-02 4.213367e-01
-2.346449e-02 4.136613e-01
-2.131421e-02 4.059533e-01
-1.917544e-02 3.982258e-01
-1.705225e-02 3.904919e-01
-1.494844e-02 3.827634e-01
-1.286759e-02 3.750522e-01
-1.081300e-02 3.673693e-01
-8.787695e-03 3.597248e-01
-6.794399e-03 3.521282e-01
-4.835615e-03 3.445886e-01
-2.913515e-03 3.371139e-01
-1.030051e-03 3.297115e-01
-4.747945e-02 4.980441e-01
-4.570982e-02 4.919179e-01
-4.390246e-02 4.856317e-01
-4.206064e-02 4.791943e-01
-4.018786e-02 4.726149e-01
-3.828794e-02 4.659042e-01
-3.636460e-02 4.590728e-01
-3.486286e-02 4.537111e-01
-3.442183e-02 4.521317e-01
-3.230983e-02 4.445383e-01
-3.018493e-02 4.368458e-01
-2.805211e-02 4.290692e-01
-2.591642e-02 4.212240e-01
-2.378261e-02 4.133246e-01
-2.165543e-02 4.053862e-01
-1.953939e-02 3.974228e-01
-1.743880e-02 3.894486e-01
-1.535770e-02 3.814768e-01
-1.329987e-02 3.735203e-01
-1.126885e-02 3.655910e-01
-9.267850e-03 3.577004e-01
-7.299829e-03 3.498591e-01
-5.367405e-03 3.420768e-01
-3.472963e-03 3.343626e-01
-1.618552e-03 3.267248e-01
1.940117e-04 3.191708e-01
-4.527759e-02 4.884361e-01
-4.351168e-02 4.820990e-01
-4.171023e-02 4.756013e-01
-3.987669e-02 4.689523e-01
-3.801470e-02 4.621624e-01
-3.612823e-02 4.552427e-01
-3.422114e-02 4.482045e-01
-3.273397e-02 4.426851e-01
-3.229753e-02 4.410599e-01
-3.020962e-02 4.332512e-01
-2.811243e-02 4.253487e-01
-2.601106e-02 4.173683e-01
-2.391063e-02 4.093260e-01
-2.181593e-02 4.012372e-01
-1.973176e-02 3.931175e-01
-1.766261e-02 3.849818e-01
-1.561275e-02 3.768446e-01
-1.358621e-02 3.687197e-01
-1.158669e-02 3.606203e-01
-9.617650e-03 3.525587e-01
-7.682202e-03 3.445465e-01
-5.783178e-03 3.365947e-01
-3.923072e-03 3.287130e-01
-2.104118e-03 3.209105e-01
-3.282198e-04 3.131956e-01
1.402978e-03 3.055756e-01
-4.284952e-02 4.742736e-01
-4.109731e-02 4.677870e-01
-3.931202e-02 4.611412e-01
-3.749723e-02 4.543463e-01
-3.565673e-02 4.474131e-01
-3.379461e-02 4.403536e-01
-3.191486e-02 4.331797e-01
-3.045094e-02 4.275583e-01
-3.002165e-02 4.259040e-01
-2.797005e-02 4.179598e-01
-2.591291e-02 4.099288e-01
-2.385541e-02 4.018274e-01
-2.180266e-02 3.936723e-01
-1.975951e-02 3.854795e-01
-1.773070e-02 3.772650e-01
-1.572070e-02 3.690442e-01
-1.373373e-02 3.608318e-01
-1.177371e-02 3.526422e-01
-9.844270e-03 3.444885e-01
-7.948729e-03 3.363835e-01
-6.090076e-03 3.283387e-01
-4.270983e-03 3.203650e-01
-2.493798e-03 3.124723e-01
-7.605714e-04 3.046697e-01
9.269666e-04 2.969653e-01
2.567353e-03 2.893663e-01
-4.024061e-02 4.560267e-01
-3.851218e-02 4.494561e-01
-3.675335e-02 4.427298e-01
-3.496785e-02 4.358582e-01
-3.315955e-02 4.288530e-01
-3.133264e-02 4.217265e-01
-2.949121e-02 4.144913e-01
-2.805910e-02 4.088267e-01
-2.763949e-02 4.071604e-01
-2.563621e-02 3.991642e-01
-2.363119e-02 3.910895e-01
-2.162960e-02 3.829531e-01
-1.963654e-02 3.747723e-01
-1.765684e-02 3.665633e-01
-1.569518e-02 3.583427e-01
-1.375594e-02 3.501259e-01
-1.184325e-02 3.419280e-01
-9.960922e-03 3.337633e-01
-8.112425e-03 3.256451e-01
-6.300936e-03 3.175861e-01
-4.529282e-03 3.095979e-01
-2.799953e-03 3.016912e-01
-1.115102e-03 2.938757e-01
5.234057e-04 2.861604e-01
2.114042e-03 2.785530e-01
3.655557e-03 2.710605e-01
-3.748567e-02 4.341521e-01
-3.579125e-02 4.275649e-01
-3.406932e-02 4.208273e-01
-3.232369e-02 4.139502e-01
-3.055834e-02 4.069457e-01
-2.877752e-02 3.998266e-01
-2.698534e-02 3.926059e-01
-2.559357e-02 3.869575e-01
-2.518610e-02 3.852970e-01
-2.324305e-02 3.773332e-01
-2.130201e-02 3.693005e-01
-1.936813e-02 3.612158e-01
-1.744647e-02 3.530968e-01
-1.554176e-02 3.449599e-01
-1.365859e-02 3.368217e-01
-1.180125e-02 3.286977e-01
-9.973702e-03 3.206032e-01
-8.179599e-03 3.125522e-01
-6.422252e-03 3.045580e-01
-4.704647e-03 2.966331e-01
-3.029411e-03 2.887888e-01
-1.398829e-03 2.810357e-01
1.851556e-04 2.733832e-01
1.720895e-03 2.658398e-01
3.207085e-03 2.584129e-01
4.642693e-03 2.511093e-01
-3.465836e-02 4.094788e-01
-3.300762e-02 4.029424e-01
-3.133241e-02 3.962624e-01
-2.963656e-02 3.894504e-01
-2.792414e-02 3.825185e-01
-2.619940e-02 3.754802e-01
-2.446650e-02 3.683483e-01
-2.312278e-02 3.627747e-01
-2.272973e-02 3.611369e-01
-2.085757e-02 3.532880e-01
-1.899106e-02 3.453802e-01
-1.713526e-02 3.374311e-01
-1.529516e-02 3.294580e-01
-1.347535e-02 3.214775e-01
-1.168031e-02 3.135060e-01
-9.914133e-03 3.055591e-01
-8.180632e-03 2.976517e-01
-6.483262e-03 2.897976e-01
-4.825131e-03 2.820100e-01
-3.209011e-03 2.743008e-01
-1.637307e-03 2.666813e-01
-1.120818e-04 2.591613e-01
1.364956e-03 2.517499e-01
2.792400e-03 2.444552e-01
4.169168e-03 2.372842e-01
5.494460e-03 2.302430e-01
-3.175291e-02 3.821806e-01
-3.015611e-02 3.757618e-01
-2.853796e-02 3.692080e-01
-2.690237e-02 3.625310e-01
-2.525341e-02 3.557432e-01
-2.359533e-02 3.488581e-01
-2.193227e-02 3.418888e-01
-2.064475e-02 3.364474e-01
-2.026849e-02 3.348493e-01
-1.847849e-02 3.271964e-01
-1.669764e-02 3.194955e-01
-1.493089e-02 3.117642e-01
-1.318308e-02 3.040197e-01
-1.145865e-02 2.962782e-01
-9.761881e-03 2.885561e-01
-8.096683e-03 2.808685e-01
-6.466646e-03 2.732299e-01
-4.875006e-03 2.656539e-01
-3.324637e-03 2.581530e-01
-1.818072e-03 2.507388e-01
-3.574591e-04 2.434218e-01
1.055382e-03 2.362117e-01
2.418995e-03 2.291168e-01
3.732217e-03 2.221446e-01
4.994212e-03 2.153016e-01
6.204424e-03 2.085934e-01
-2.883710e-02 3.530927e-01
-2.730372e-02 3.468553e-01
-2.575220e-02 3.404928e-01
-2.418645e-02 3.340171e-01
-2.261050e-02 3.274407e-01
-2.102859e-02 3.207769e-01
-1.944480e-02 3.140391e-01
-1.822069e-02 3.087836e-01
-1.786330e-02 3.072410e-01
-1.616531e-02 2.998594e-01
-1.447973e-02 2.924411e-01
-1.281135e-02 2.850032e-01
-1.116481e-02 2.775627e-01
-9.544383e-03 2.701355e-01
-7.954104e-03 2.627373e-01
-6.397658e-03 2.553829e-01
-4.878387e-03 2.480861e-01
-3.399276e-03 2.408600e-01
-1.962940e-03 2.337164e-01
-5.716361e-04 2.266666e-01
7.727405e-04 2.197202e-01
2.068641e-03 2.128861e-01
3.314870e-03 2.061721e-01
4.510512e-03 1.995853e-01
5.654991e-03 1.931312e-01
6.747985e-03 1.868148e-01
-2.595012e-02 3.228242e-01
-2.448914e-02 3.168277e-01
-2.301323e-02 3.107170e-01
-2.152626e-02 3.045039e-01
-2.003221e-02 2.982008e-01
-1.853524e-02 2.918211e-01
-1.703934e-02 2.853779e-01
-1.588519e-02 2.803573e-01
-1.554857e-02 2.788846e-01
-1.395142e-02 2.718428e-01
-1.236965e-02 2.647754e-01
-1.080783e-02 2.576991e-01
-9.270384e-03 2.506304e-01
-7.761321e-03 2.435844e-01
-6.284441e-03 2.365763e-01
-4.843156e-03 2.296202e-01
-3.440536e-03 2.227293e-01
-2.079283e-03 2.159159e-01
-7.617271e-04 2.091910e-01
5.101451e-04 2.025651e-01
1.734726e-03 1.960473e-01
2.910739e-03 1.896455e-01
4.037251e-03 1.833670e-01
5.113614e-03 1.772178e-01
6.139488e-03 1.712030e-01
7.114789e-03 1.653269e-01
-2.312844e-02 2.919663e-01
-2.174816e-02 2.862643e-01
-2.035610e-02 2.804598e-01
-1.895606e-02 2.745645e-01
-1.755194e-02 2.685904e-01
-1.614776e-02 2.625505e-01
-1.474739e-02 2.564578e-01
-1.366895e-02 2.517155e-01
-1.335474e-02 2.503253e-01
-1.186612e-02 2.436834e-01
-1.039545e-02 2.370268e-01
-8.947083e-03 2.303714e-01
-7.525155e-03 2.237327e-01
-6.133413e-03 2.171255e-01
-4.775368e-03 2.105641e-01
-3.454128e-03 2.040615e-01
-2.172474e-03 1.976303e-01
-9.328061e-04 1.912818e-01
2.628440e-04 1.850263e-01
1.412785e-03 1.788733e-01
2.515692e-03 1.728311e-01
3.570567e-03 1.669069e-01
4.576740e-03 1.611070e-01
5.533820e-03 1.554367e-01
6.441709e-03 1.499005e-01
7.300546e-03 1.445017e-01
-2.040558e-02 2.610841e-01
-1.911341e-02 2.557237e-01
-1.781250e-02 2.502727e-01
-1.650655e-02 2.447426e-01
-1.519931e-02 2.391452e-01
-1.389466e-02 2.334931e-01
-1.259631e-02 2.277985e-01
-1.159839e-02 2.233712e-01
-1.130797e-02 2.220741e-01
-9.934150e-03 2.158828e-01
-8.580448e-03 2.096868e-01
-7.250915e-03 2.035011e-01
-5.949398e-03 1.973407e-01
-4.679331e-03 1.912192e-01
-3.443905e-03 1.851498e-01
-2.245926e-03 1.791449e-01
-1.087844e-03 1.732159e-01
2.825095e-05 1.673732e-01
1.100629e-03 1.616262e-01
2.127902e-03 1.559834e-01
3.109030e-03 1.504521e-01
4.043288e-03 1.450388e-01
4.930266e-03 1.397490e-01
5.769818e-03 1.345870e-01
6.562071e-03 1.295566e-01
7.307373e-03 1.246605e-01
-1.781055e-02 2.306953e-01
-1.661286e-02 2.257154e-01
-1.540930e-02 2.206572e-01
-1.420342e-02 2.155316e-01
-1.299882e-02 2.103500e-01
-1.179917e-02 2.051244e-01
-1.060799e-02 1.998665e-01
-9.694333e-03 1.957835e-01
-9.428759e-03 1.945881e-01
-8.174495e-03 1.888874e-01
-6.942024e-03 1.831911e-01
-5.735085e-03 1.775134e-01
-4.557187e-03 1.718680e-01
-3.411435e-03 1.662676e-01
-2.300683e-03 1.607243e-01
-1.227398e-03 1.552495e-01
-1.937082e-04 1.498534e-01
7.986109e-04 1.445454e-01
1.748149e-03 1.393340e-01
2.653810e-03 1.342266e-01
3.514835e-03 1.292296e-01
4.330763e-03 1.243487e-01
5.101433e-03 1.195882e-01
5.826922e-03 1.149521e-01
6.507564e-03 1.104430e-01
7.143897e-03 1.060632e-01
-1.536867e-02 2.012741e-01
-1.427057e-02 1.967052e-01
-1.316924e-02 1.920702e-01
-1.206807e-02 1.873793e-01
-1.097044e-02 1.826432e-01
-9.879799e-03 1.778733e-01
-8.799423e-03 1.730804e-01
-7.972575e-03 1.693632e-01
-7.732546e-03 1.682757e-01
-6.600859e-03 1.630945e-01
-5.492128e-03 1.579258e-01
-4.409731e-03 1.527824e-01
-3.356828e-03 1.476771e-01
-2.336177e-03 1.426212e-01
-1.350279e-03 1.376259e-01
-4.012596e-04 1.327014e-01
5.090849e-04 1.278567e-01
1.379304e-03 1.231001e-01
2.208288e-03 1.184391e-01
2.995227e-03 1.138802e-01
3.739633e-03 1.094286e-01
4.441287e-03 1.050892e-01
5.100259e-03 1.008656e-01
5.716826e-03 9.676081e-02
6.291511e-03 9.277691e-02
6.825004e-03 8.891536e-02
-1.310007e-02 1.732309e-01
-1.210527e-02 1.690947e-01
-1.110962e-02 1.649038e-01
-1.011627e-02 1.606680e-01
-9.128389e-03 1.563974e-01
-8.149156e-03 1.521022e-01
-7.181585e-03 1.477926e-01
-6.442808e-03 1.444548e-01
-6.228636e-03 1.434789e-01
-5.220723e-03 1.388347e-01
-4.236366e-03 1.342095e-01
-3.278587e-03 1.296151e-01
-2.350163e-03 1.250629e-01
-1.453502e-03 1.205632e-01
-5.907423e-04 1.161258e-01
2.363328e-04 1.117596e-01
1.026256e-03 1.074727e-01
1.777889e-03 1.032723e-01
2.490409e-03 9.916458e-02
3.163282e-03 9.515514e-02
3.796266e-03 9.124843e-02
4.389371e-03 8.744826e-02
4.942856e-03 8.375748e-02
5.457187e-03 8.017831e-02
5.933025e-03 7.671226e-02
6.371196e-03 7.336015e-02
-1.101638e-02 1.468652e-01
-1.012723e-02 1.431747e-01
-9.239269e-03 1.394404e-01
-8.355424e-03 1.356714e-01
-7.478586e-03 1.318768e-01
-6.611658e-03 1.280663e-01
-5.757361e-03 1.242488e-01
-5.106707e-03 1.212963e-01
-4.918362e-03 1.204339e-01
-4.033713e-03 1.163334e-01
-3.172666e-03 1.122573e-01
-2.337860e-03 1.082159e-01
-1.531696e-03 1.042193e-01
-7.562127e-04 1.002765e-01
-1.319674e-05 9.639605e-02
6.959068e-04 9.258573e-02
1.369946e-03 8.885243e-02
2.008081e-03 8.520222e-02
2.609758e-03 8.164035e-02
3.174695e-03 7.817127e-02
3.702868e-03 7.479866e-02
4.194483e-03 7.152542e-02
4.649971e-03 6.835369e-02
5.069936e-03 6.528502e-02
5.455158e-03 6.232028e-02
5.806556e-03 5.945979e-02
-9.145397e-03 1.226803e-01
-8.361580e-03 1.194351e-01
-7.580651e-03 1.161562e-01
-6.805239e-03 1.128517e-01
-6.037961e-03 1.095298e-01
-5.281416e-03 1.061992e-01
-4.538030e-03 1.028681e-01
-3.973355e-03 1.002955e-01
-3.810150e-03 9.954465e-02
-3.045199e-03 9.597903e-02
-2.303340e-03 9.244134e-02
-1.586838e-03 8.894066e-02
-8.977141e-04 8.548579e-02
-2.376548e-04 8.208449e-02
3.918959e-04 7.874409e-02
9.898106e-04 7.547115e-02
1.555233e-03 7.227143e-02
2.087596e-03 6.914996e-02
2.586588e-03 6.611098e-02
3.052140e-03 6.315806e-02
3.484420e-03 6.029400e-02
3.883793e-03 5.752096e-02
4.250817e-03 5.484041e-02
4.586206e-03 5.225330e-02
4.890816e-03 4.975999e-02
5.165623e-03 4.736036e-02
-7.468145e-03 1.005697e-01
-6.788958e-03 9.776631e-02
-6.113962e-03 9.493811e-02
-5.445507e-03 9.209234e-02
-4.785896e-03 8.923636e-02
-4.137417e-03 8.637773e-02
-3.502182e-03 8.352366e-02
-3.021042e-03 8.132300e-02
-2.882214e-03 8.068135e-02
-2.232993e-03 7.763775e-02
-1.605832e-03 7.462423e-02
-1.002618e-03 7.164858e-02
-4.250025e-04 6.871821e-02
1.256629e-04 6.583971e-02
6.482622e-04 6.301920e-02
1.141962e-03 6.026204e-02
1.606180e-03 5.757296e-02
2.040585e-03 5.495596e-02
2.445081e-03 5.241437e-02
2.819781e-03 4.995090e-02
3.165003e-03 4.756761e-02
3.481233e-03 4.526597e-02
3.769127e-03 4.304686e-02
4.029460e-03 4.091073e-02
4.263134e-03 3.885751e-02
4.471137e-03 3.688672e-02
-5.998745e-03 8.084452e-02
-5.420932e-03 7.846758e-02
-4.848221e-03 7.607355e-02
-4.282651e-03 7.366875e-02
-3.726226e-03 7.125959e-02
-3.180904e-03 6.885259e-02
-2.648487e-03 6.645392e-02
-2.246468e-03 6.460759e-02
-2.130678e-03 6.406977e-02
-1.590516e-03 6.152207e-02
-1.070910e-03 5.900512e-02
-5.733798e-04 5.652544e-02
-9.923688e-05 5.408918e-02
3.504849e-04 5.170174e-02
7.749662e-04 4.936810e-02
1.173637e-03 4.709256e-02
1.546151e-03 4.487882e-02
1.892383e-03 4.273000e-02
2.212406e-03 4.064857e-02
2.506480e-03 3.863651e-02
2.775029e-03 3.669520e-02
3.018629e-03 3.482554e-02
3.237977e-03 3.302794e-02
3.433887e-03 3.130242e-02
3.607255e-03 2.964857e-02
3.759047e-03 2.806568e-02
-4.733094e-03 6.356988e-02
-4.251630e-03 6.159621e-02
-3.775777e-03 5.961188e-02
-3.307279e-03 5.762230e-02
-2.847823e-03 5.563290e-02
-2.399050e-03 5.364918e-02
-1.962454e-03 5.167634e-02
-1.633884e-03 5.016058e-02
-1.539434e-03 4.971952e-02
-1.099976e-03 4.763315e-02
-6.791679e-04 4.557685e-02
-2.781957e-04 4.355596e-02
1.019467e-04 4.157544e-02
4.605107e-04 3.963958e-02
7.969374e-04 3.775232e-02
1.110881e-03 3.591698e-02
1.402193e-03 3.413636e-02
1.670909e-03 3.241277e-02
1.917236e-03 3.074796e-02
2.141533e-03 2.914325e-02
2.344294e-03 2.759949e-02
2.526135e-03 2.611710e-02
2.687771e-03 2.469611e-02
2.829997e-03 2.333621e-02
2.953680e-03 2.203679e-02
3.059730e-03 2.079696e-02
-3.663538e-03 4.875170e-02
-3.271687e-03 4.715111e-02
-2.885590e-03 4.554496e-02
-2.506688e-03 4.393778e-02
-2.136373e-03 4.233404e-02
-1.775976e-03 4.073831e-02
-1.426697e-03 3.915480e-02
-1.164781e-03 3.794060e-02
-1.089650e-03 3.758770e-02
-7.410669e-04 3.592090e-02
-4.089227e-04 3.428235e-02
-9.410212e-05 3.267629e-02
2.026818e-04 3.110659e-02
4.809246e-04 2.957656e-02
7.402841e-04 2.808919e-02
9.806015e-04 2.664692e-02
1.201880e-03 2.525181e-02
1.404277e-03 2.390544e-02
1.588086e-03 2.260898e-02
1.753724e-03 2.136322e-02
1.901717e-03 2.016854e-02
2.032680e-03 1.902504e-02
2.147306e-03 1.793244e-02
2.246345e-03 1.689025e-02
2.330596e-03 1.589771e-02
2.400885e-03 1.495385e-02
-2.778497e-03 3.633031e-02
-2.468022e-03 3.506678e-02
-2.163109e-03 3.380154e-02
-1.864918e-03 3.253822e-02
-1.574553e-03 3.128045e-02
-1.293062e-03 3.003186e-02
-1.021376e-03 2.879581e-02
-8.184311e-04 2.785012e-02
-7.603481e-04 2.757560e-02
-4.916838e-04 2.628116e-02
-2.370533e-04 2.501226e-02
2.921885e-06 2.377211e-02
2.277636e-04 2.256362e-02
4.371669e-04 2.138926e-02
6.309655e-04 2.025117e-02
8.091390e-04 1.915109e-02
9.718007e-04 1.809042e-02
1.119183e-03 1.707017e-02
1.251628e-03 1.609102e-02
1.369573e-03 1.515335e-02
1.473533e-03 1.425725e-02
1.564093e-03 1.340250e-02
1.641888e-03 1.258870e-02
1.707598e-03 1.181522e-02
1.761927e-03 1.108123e-02
1.805596e-03 1.038580e-02
-2.063739e-03 2.619658e-02
-1.825108e-03 2.522944e-02
-1.591574e-03 2.426321e-02
-1.364034e-03 2.330076e-02
-1.143335e-03 2.234491e-02
-9.302689e-04 2.139846e-02
-7.255291e-04 2.046399e-02
-5.732224e-04 1.975073e-02
-5.297374e-04 1.954398e-02
-3.292577e-04 1.857084e-02
-1.403353e-04 1.761985e-02
3.662299e-05 1.669335e-02
2.013275e-04 1.579346e-02
3.536293e-04 1.492188e-02
4.934887e-04 1.408010e-02
6.209824e-04 1.326928e-02
7.362878e-04 1.249027e-02
8.396759e-04 1.174365e-02
9.314989e-04 1.102974e-02
1.012175e-03 1.034862e-02
1.082183e-03 9.700150e-03
1.142046e-03 9.083988e-03
1.192322e-03 8.499611e-03
1.233593e-03 7.946366e-03
1.266455e-03 7.423457e-03
1.291513e-03 6.929990e-03
-1.500293e-03 1.816119e-02
-1.323254e-03 1.744752e-02
-1.150643e-03 1.673634e-02
-9.831251e-04 1.602983e-02
-8.213189e-04 1.533009e-02
-6.657966e-04 1.463919e-02
-5.170494e-04 1.395903e-02
-4.068797e-04 1.344128e-02
-3.755066e-04 1.329142e-02
-2.313663e-04 1.258753e-02
-9.635783e-05 1.190202e-02
2.927794e-05 1.123652e-02
1.453948e-04 1.059248e-02
2.519538e-04 9.971005e-03
3.489980e-04 9.373057e-03
4.366596e-04 8.799318e-03
5.151432e-04 8.250263e-03
5.847233e-04 7.726150e-03
6.457282e-04 7.227039e-03
6.985351e-04 6.752826e-03
7.435587e-04 6.303242e-03
7.812416e-04 5.877874e-03
8.120472e-04 5.476189e-03
8.364506e-04 5.097563e-03
8.549313e-04 4.741273e-03
8.679681e-04 4.406540e-03
-1.072129e-03 1.206309e-02
-9.455888e-04 1.155707e-02
-8.226899e-04 1.105427e-02
-7.039023e-04 1.055624e-02
-5.896588e-04 1.006449e-02
-4.803501e-04 9.580491e-03
-3.763043e-04 9.105568e-03
-2.995880e-04 8.745121e-03
-2.777996e-04 8.640974e-03
-1.780469e-04 8.152887e-03
-8.519105e-05 7.679368e-03
6.469179e-07 7.221480e-03
7.941799e-05 6.780132e-03
1.511497e-04 6.356015e-03
2.159308e-04 5.949673e-03
2.739122e-04 5.561461e-03
3.252961e-04 5.191580e-03
3.703306e-04 4.840082e-03
4.093011e-04 4.506872e-03
4.425226e-04 4.191749e-03
4.703327e-04 3.894386e-03
4.930854e-04 3.614380e-03
5.111436e-04 3.351233e-03
5.248731e-04 3.104399e-03
5.346398e-04 2.873267e-03
5.408023e-04 2.657198e-03
-7.560907e-04 7.624786e-03
-6.692477e-04 7.282101e-03
-5.852294e-04 6.942691e-03
-5.043514e-04 6.607627e-03
-4.268985e-04 6.277929e-03
-3.531221e-04 5.954586e-03
-2.832267e-04 5.638472e-03
-2.319155e-04 5.399361e-03
-2.173790e-04 5.330405e-03
-1.510563e-04 5.008071e-03
-8.968238e-05 4.696708e-03
-3.330068e-05 4.396962e-03
1.809551e-05 4.109357e-03
6.456731e-05 3.834268e-03
1.062166e-04 3.571965e-03
1.431871e-04 3.322585e-03
1.756560e-04 3.086161e-03
2.038289e-04 2.862621e-03
2.279341e-04 2.651802e-03
2.482172e-04 2.453465e-03
2.649357e-04 2.267303e-03
2.783534e-04 2.092947e-03
2.887376e-04 1.929980e-03
2.963533e-04 1.777957e-03
3.014615e-04 1.636399e-03
3.043155e-04 1.504810e-03
-5.309180e-04 4.580399e-03
-4.735337e-04 4.358866e-03
-4.182152e-04 4.140251e-03
-3.651624e-04 3.925257e-03
-3.145521e-04 3.714537e-03
-2.665356e-04 3.508717e-03
-2.212316e-04 3.308344e-03
-1.880980e-04 3.157359e-03
-1.787320e-04 3.113914e-03
-1.361179e-04 2.911417e-03
-9.687375e-05 2.716775e-03
-6.099988e-05 2.530344e-03
-2.846321e-05 2.352394e-03
8.035483e-07 2.183094e-03
2.689569e-05 2.022543e-03
4.993220e-05 1.870749e-03
7.005373e-05 1.727660e-03
8.741709e-05 1.593148e-03
1.021917e-04 1.467039e-03
1.145548e-04 1.349108e-03
1.246890e-04 1.239087e-03
1.327795e-04 1.136679e-03
1.390089e-04 1.041559e-03
1.435575e-04 9.533876e-04
1.465997e-04 8.718110e-04
1.483024e-04 7.964699e-04
-3.752765e-04 2.646637e-03
-3.382613e-04 2.508107e-03
-3.026831e-04 2.371983e-03
-2.686628e-04 2.238694e-03
-2.363044e-04 2.108648e-03
-2.056947e-04 1.982220e-03
-1.768980e-04 1.859734e-03
-1.558900e-04 1.767847e-03
-1.499598e-04 1.741473e-03
-1.230248e-04 1.618965e-03
-9.828769e-05 1.501878e-03
-7.573055e-05 1.390391e-03
-5.531553e-05 1.284617e-03
-3.698214e-05 1.184607e-03
-2.065500e-05 1.090364e-03
-6.242797e-06 1.001841e-03
6.356185e-06 9.189433e-04
1.725336e-05 8.415451e-04
2.656564e-05 7.694786e-04
3.441343e-05 7.025589e-04
4.091832e-05 6.405713e-04
4.620175e-05 5.832902e-04
5.038230e-05 5.304764e-04
5.357477e-05 4.818848e-04
5.588910e-05 4.372665e-04
5.742928e-05 3.963730e-04
-2.688813e-04 1.537423e-03
-2.448113e-04 1.449496e-03
-2.217283e-04 1.363531e-03
-1.997047e-04 1.279803e-03
-1.788003e-04 1.198558e-03
-1.590633e-04 1.120020e-03
-1.405266e-04 1.044376e-03
-1.270210e-04 9.879317e-04
-1.232110e-04 9.717829e-04
-1.059168e-04 8.970690e-04
-9.004416e-05 8.261589e-04
-7.557168e-05 7.591235e-04
-6.246377e-05 6.959914e-04
-5.067269e-05 6.367506e-04
-4.014137e-05 5.813603e-04
-3.080408e-05 5.297445e-04
-2.258951e-05 4.818036e-04
-1.542176e-05 4.374160e-04
-9.222355e-06 3.964380e-04
-3.911964e-06 3.587149e-04
5.884503e-07 3.240814e-04
4.356167e-06 2.923650e-04
7.466071e-06 2.633890e-04
9.989579e-06 2.369770e-04
1.199428e-05 2.129527e-04
1.354341e-05 1.911440e-04
-1.935203e-04 9.769346e-04
-1.770239e-04 9.143928e-04
-1.612588e-04 8.536827e-04
-1.462681e-04 7.949889e-04
-1.320864e-04 7.384775e-04
-1.187388e-04 6.842847e-04
-1.062406e-04 6.325207e-04
-9.715685e-05 5.941878e-04
-9.459751e-05 5.832671e-04
-8.299803e-05 5.330432e-04
-7.237516e-05 4.858470e-04
-6.270458e-05 4.416788e-04
-5.395405e-05 4.005199e-04
-4.608275e-05 3.623146e-04
-3.904510e-05 3.269861e-04
-3.279106e-05 2.944415e-04
-2.726714e-05 2.645644e-04
-2.241885e-05 2.372299e-04
-1.819036e-05 2.123023e-04
-1.452671e-05 1.896394e-04
-1.137409e-05 1.690955e-04
-8.680726e-06 1.505241e-04
-6.397227e-06 1.337795e-04
-4.477202e-06 1.187194e-04
-2.877418e-06 1.052058e-04
-1.557962e-06 9.310652e-05
-1.338622e-04 7.108898e-04
-1.217174e-04 6.565092e-04
-1.102281e-04 6.044284e-04
-9.941696e-05 5.547790e-04
-8.929772e-05 5.076662e-04
-7.987678e-05 4.631593e-04
-7.115201e-05 4.213075e-04
-6.487365e-05 3.907545e-04
-6.311471e-05 3.821220e-04
-5.520056e-05 3.428462e-04
-4.804098e-05 3.066136e-04
-4.160199e-05 2.733482e-04
-3.584517e-05 2.429500e-04
-3.072816e-05 2.152938e-04
-2.620596e-05 1.902447e-04
-2.223177e-05 1.676508e-04
-1.875862e-05 1.473535e-04
-1.574011e-05 1.291893e-04
-1.313095e-05 1.129937e-04
-1.088791e-05 9.860357e-05
-8.969963e-06 8.586044e-05
-7.338906e-06 7.461126e-05
-5.959351e-06 6.471033e-05
-4.798986e-06 5.602068e-05
-3.828470e-06 4.841407e-05
-3.021486e-06 4.177263e-05
0.000000e+00 0.000000e+00
0.000000e+00 0.000000e+00
0.000000e+00 0.000000e+00
0.000000e+00 0.000000e+00
0.000000e+00 0.000000e+00
0.000000e+00 0.000000e+00
0.000000e+00 0.000000e+00
0.000000e+00 0.000000e+00
0.000000e+00 0.000000e+00
0.000000e+00 0.000000e+00
0.000000e+00 0.000000e+00
0.000000e+00 0.000000e+00
0.000000e+00 0.000000e+00
0.000000e+00 0.000000e+00
0.000000e+00 0.000000e+00
0.000000e+00 0.000000e+00
0.000000e+00 0.000000e+00
0.000000e+00 0.000000e+00
0.000000e+00 0.000000e+00
0.000000e+00 0.000000e+00
0.000000e+00 0.000000e+00
0.000000e+00 0.000000e+00
0.000000e+00 0.000000e+00
0.000000e+00 0.000000e+00
0.000000e+00 0.000000e+00
0.000000e+00 0.000000e+00
---